    # M_init       log T       log L       log g    log T WR  Source    
    # (Msun)    (Kelvin)      (Lsun)          ()    (Kelvin)  ()        
    0.100000      3.4434     -3.0867      5.3300      3.4434  Siess     
    0.105000      3.4515     -3.0052      5.3095      3.4515  Siess     
    0.110000      3.4593     -2.9274      5.2900      3.4593  Siess     
    0.115000      3.4667     -2.8531      5.2714      3.4667  Siess     
    0.120000      3.4738     -2.7820      5.2536      3.4738  Siess     
    0.125000      3.4806     -2.7138      5.2364      3.4806  Siess     
    0.130000      3.4871     -2.6482      5.2200      3.4871  Siess     
    0.135000      3.4902     -2.6067      5.2091      3.4902  Siess     
    0.140000      3.4932     -2.5668      5.1986      3.4932  Siess     
    0.145000      3.4961     -2.5282      5.1884      3.4961  Siess     
    0.150000      3.4989     -2.4909      5.1786      3.4989  Siess     
    0.155000      3.5016     -2.4549      5.1692      3.5016  Siess     
    0.160000      3.5042     -2.4200      5.1600      3.5042  Siess     
    0.165000      3.5062     -2.3914      5.1517      3.5062  Siess     
    0.170000      3.5082     -2.3636      5.1437      3.5082  Siess     
    0.175000      3.5102     -2.3367      5.1359      3.5102  Siess     
    0.180000      3.5120     -2.3105      5.1283      3.5120  Siess     
    0.185000      3.5139     -2.2850      5.1210      3.5139  Siess     
    0.190000      3.5156     -2.2602      5.1138      3.5156  Siess     
    0.195000      3.5174     -2.2360      5.1068      3.5174  Siess     
    0.200000      3.5190     -2.2125      5.1000      3.5190  Siess     
    0.205000      3.5213     -2.1881      5.0934      3.5213  Siess     
    0.210000      3.5236     -2.1643      5.0869      3.5236  Siess     
    0.215000      3.5257     -2.1410      5.0806      3.5257  Siess     
    0.220000      3.5279     -2.1183      5.0744      3.5279  Siess     
    0.225000      3.5299     -2.0961      5.0683      3.5299  Siess     
    0.230000      3.5320     -2.0744      5.0624      3.5320  Siess     
    0.235000      3.5340     -2.0531      5.0566      3.5340  Siess     
    0.240000      3.5359     -2.0323      5.0510      3.5359  Siess     
    0.245000      3.5378     -2.0120      5.0454      3.5378  Siess     
    0.250000      3.5397     -1.9920      5.0400      3.5397  Siess     
    0.255000      3.5411     -1.9740      5.0346      3.5411  Siess     
    0.260000      3.5424     -1.9564      5.0292      3.5424  Siess     
    0.265000      3.5437     -1.9391      5.0240      3.5437  Siess     
    0.270000      3.5450     -1.9222      5.0189      3.5450  Siess     
    0.275000      3.5463     -1.9055      5.0139      3.5463  Siess     
    0.280000      3.5475     -1.8892      5.0089      3.5475  Siess     
    0.285000      3.5488     -1.8731      5.0041      3.5488  Siess     
    0.290000      3.5500     -1.8573      4.9993      3.5500  Siess     
    0.295000      3.5511     -1.8418      4.9946      3.5511  Siess     
    0.300000      3.5523     -1.8266      4.9900      3.5523  Siess     
    0.305000      3.5533     -1.8113      4.9866      3.5533  Siess     
    0.310000      3.5543     -1.7963      4.9832      3.5543  Siess     
    0.315000      3.5553     -1.7816      4.9798      3.5553  Siess     
    0.320000      3.5562     -1.7670      4.9765      3.5562  Siess     
    0.325000      3.5572     -1.7527      4.9733      3.5572  Siess     
    0.330000      3.5581     -1.7386      4.9701      3.5581  Siess     
    0.335000      3.5590     -1.7248      4.9670      3.5590  Siess     
    0.340000      3.5599     -1.7111      4.9639      3.5599  Siess     
    0.345000      3.5608     -1.6976      4.9609      3.5608  Siess     
    0.350000      3.5616     -1.6844      4.9578      3.5616  Siess     
    0.355000      3.5625     -1.6713      4.9549      3.5625  Siess     
    0.360000      3.5633     -1.6584      4.9520      3.5633  Siess     
    0.365000      3.5642     -1.6456      4.9491      3.5642  Siess     
    0.370000      3.5650     -1.6331      4.9463      3.5650  Siess     
    0.375000      3.5658     -1.6207      4.9435      3.5658  Siess     
    0.380000      3.5666     -1.6085      4.9407      3.5666  Siess     
    0.385000      3.5674     -1.5964      4.9380      3.5674  Siess     
    0.390000      3.5682     -1.5845      4.9353      3.5682  Siess     
    0.395000      3.5690     -1.5728      4.9326      3.5690  Siess     
    0.400000      3.5697     -1.5612      4.9300      3.5697  Siess     
    0.405000      3.5703     -1.5490      4.9267      3.5703  Siess     
    0.410000      3.5710     -1.5370      4.9234      3.5710  Siess     
    0.415000      3.5716     -1.5251      4.9201      3.5716  Siess     
    0.420000      3.5722     -1.5134      4.9169      3.5722  Siess     
    0.425000      3.5728     -1.5018      4.9137      3.5728  Siess     
    0.430000      3.5734     -1.4904      4.9106      3.5734  Siess     
    0.435000      3.5739     -1.4790      4.9074      3.5739  Siess     
    0.440000      3.5745     -1.4678      4.9044      3.5745  Siess     
    0.445000      3.5751     -1.4568      4.9013      3.5751  Siess     
    0.450000      3.5756     -1.4458      4.8983      3.5756  Siess     
    0.455000      3.5762     -1.4350      4.8954      3.5762  Siess     
    0.460000      3.5767     -1.4243      4.8924      3.5767  Siess     
    0.465000      3.5773     -1.4137      4.8895      3.5773  Siess     
    0.470000      3.5778     -1.4033      4.8866      3.5778  Siess     
    0.475000      3.5784     -1.3929      4.8838      3.5784  Siess     
    0.480000      3.5789     -1.3827      4.8810      3.5789  Siess     
    0.485000      3.5794     -1.3725      4.8782      3.5794  Siess     
    0.490000      3.5799     -1.3625      4.8754      3.5799  Siess     
    0.495000      3.5804     -1.3525      4.8727      3.5804  Siess     
    0.500000      3.5809     -1.3427      4.8700      3.5809  Siess     
    0.505000      3.5820     -1.3292      4.8656      3.5820  Siess     
    0.510000      3.5830     -1.3159      4.8613      3.5830  Siess     
    0.515000      3.5840     -1.3027      4.8570      3.5840  Siess     
    0.520000      3.5851     -1.2897      4.8528      3.5851  Siess     
    0.525000      3.5861     -1.2767      4.8486      3.5861  Siess     
    0.530000      3.5871     -1.2639      4.8444      3.5871  Siess     
    0.535000      3.5880     -1.2512      4.8403      3.5880  Siess     
    0.540000      3.5890     -1.2386      4.8362      3.5890  Siess     
    0.545000      3.5900     -1.2262      4.8322      3.5900  Siess     
    0.550000      3.5910     -1.2138      4.8282      3.5910  Siess     
    0.555000      3.5919     -1.2016      4.8242      3.5919  Siess     
    0.560000      3.5929     -1.1895      4.8203      3.5929  Siess     
    0.565000      3.5938     -1.1775      4.8164      3.5938  Siess     
    0.570000      3.5947     -1.1655      4.8125      3.5947  Siess     
    0.575000      3.5956     -1.1537      4.8087      3.5956  Siess     
    0.580000      3.5965     -1.1420      4.8049      3.5965  Siess     
    0.585000      3.5974     -1.1304      4.8011      3.5974  Siess     
    0.590000      3.5983     -1.1189      4.7974      3.5983  Siess     
    0.595000      3.5992     -1.1075      4.7937      3.5992  Siess     
    0.600000      3.6001     -1.0962      4.7900      3.6001  Siess     
    0.605000      3.6018     -1.0827      4.7846      3.6018  Siess     
    0.610000      3.6034     -1.0694      4.7793      3.6034  Siess     
    0.615000      3.6051     -1.0561      4.7740      3.6051  Siess     
    0.620000      3.6067     -1.0430      4.7687      3.6067  Siess     
    0.625000      3.6083     -1.0300      4.7635      3.6083  Siess     
    0.630000      3.6099     -1.0171      4.7583      3.6099  Siess     
    0.635000      3.6115     -1.0042      4.7532      3.6115  Siess     
    0.640000      3.6131     -0.9915      4.7481      3.6131  Siess     
    0.645000      3.6146     -0.9789      4.7431      3.6146  Siess     
    0.650000      3.6162     -0.9664      4.7381      3.6162  Siess     
    0.655000      3.6177     -0.9539      4.7331      3.6177  Siess     
    0.660000      3.6192     -0.9416      4.7282      3.6192  Siess     
    0.665000      3.6207     -0.9293      4.7233      3.6207  Siess     
    0.670000      3.6222     -0.9172      4.7184      3.6222  Siess     
    0.675000      3.6237     -0.9051      4.7136      3.6237  Siess     
    0.680000      3.6252     -0.8932      4.7088      3.6252  Siess     
    0.685000      3.6267     -0.8813      4.7041      3.6267  Siess     
    0.690000      3.6282     -0.8695      4.6993      3.6282  Siess     
    0.695000      3.6296     -0.8578      4.6947      3.6296  Siess     
    0.700000      3.6310     -0.8461      4.6900      3.6310  Siess     
    0.705000      3.6333     -0.8311      4.6852      3.6333  Siess     
    0.710000      3.6355     -0.8162      4.6804      3.6355  Siess     
    0.715000      3.6377     -0.8014      4.6757      3.6377  Siess     
    0.720000      3.6399     -0.7867      4.6710      3.6399  Siess     
    0.725000      3.6420     -0.7721      4.6663      3.6420  Siess     
    0.730000      3.6442     -0.7576      4.6617      3.6442  Siess     
    0.735000      3.6463     -0.7432      4.6571      3.6463  Siess     
    0.740000      3.6484     -0.7289      4.6525      3.6484  Siess     
    0.745000      3.6505     -0.7147      4.6480      3.6505  Siess     
    0.750000      3.6526     -0.7006      4.6435      3.6526  Siess     
    0.755000      3.6547     -0.6866      4.6390      3.6547  Siess     
    0.760000      3.6568     -0.6726      4.6346      3.6568  Siess     
    0.765000      3.6588     -0.6588      4.6302      3.6588  Siess     
    0.770000      3.6609     -0.6451      4.6258      3.6609  Siess     
    0.775000      3.6629     -0.6314      4.6214      3.6629  Siess     
    0.780000      3.6649     -0.6178      4.6171      3.6649  Siess     
    0.785000      3.6669     -0.6044      4.6128      3.6669  Siess     
    0.790000      3.6689     -0.5910      4.6085      3.6689  Siess     
    0.795000      3.6709     -0.5776      4.6042      3.6709  Siess     
    0.800000      3.6728     -0.5644      4.6000      3.6728  Siess     
    0.805000      3.6749     -0.5496      4.5958      3.6749  Siess     
    0.810000      3.6769     -0.5349      4.5916      3.6769  Siess     
    0.815000      3.6789     -0.5202      4.5874      3.6789  Siess     
    0.820000      3.6809     -0.5057      4.5832      3.6809  Siess     
    0.825000      3.6828     -0.4912      4.5791      3.6828  Siess     
    0.830000      3.6848     -0.4769      4.5750      3.6848  Siess     
    0.835000      3.6867     -0.4626      4.5709      3.6867  Siess     
    0.840000      3.6887     -0.4484      4.5669      3.6887  Siess     
    0.845000      3.6906     -0.4343      4.5628      3.6906  Siess     
    0.850000      3.6925     -0.4203      4.5588      3.6925  Siess     
    0.855000      3.6944     -0.4063      4.5548      3.6944  Siess     
    0.860000      3.6963     -0.3925      4.5509      3.6963  Siess     
    0.865000      3.6982     -0.3787      4.5469      3.6982  Siess     
    0.870000      3.7001     -0.3650      4.5430      3.7001  Siess     
    0.875000      3.7019     -0.3513      4.5391      3.7019  Siess     
    0.880000      3.7038     -0.3378      4.5353      3.7038  Siess     
    0.885000      3.7056     -0.3243      4.5314      3.7056  Siess     
    0.890000      3.7074     -0.3109      4.5276      3.7074  Siess     
    0.895000      3.7093     -0.2976      4.5238      3.7093  Siess     
    0.900000      3.7111     -0.2844      4.5200      3.7111  Siess     
    0.905000      3.7127     -0.2698      4.5142      3.7127  Siess     
    0.910000      3.7143     -0.2553      4.5085      3.7143  Siess     
    0.915000      3.7159     -0.2409      4.5027      3.7159  Siess     
    0.920000      3.7175     -0.2266      4.4971      3.7175  Siess     
    0.925000      3.7190     -0.2123      4.4914      3.7190  Siess     
    0.930000      3.7206     -0.1981      4.4858      3.7206  Siess     
    0.935000      3.7222     -0.1840      4.4802      3.7222  Siess     
    0.940000      3.7237     -0.1700      4.4746      3.7237  Siess     
    0.945000      3.7253     -0.1561      4.4691      3.7253  Siess     
    0.950000      3.7268     -0.1422      4.4636      3.7268  Siess     
    0.955000      3.7283     -0.1284      4.4581      3.7283  Siess     
    0.960000      3.7298     -0.1146      4.4526      3.7298  Siess     
    0.965000      3.7314     -0.1010      4.4472      3.7314  Siess     
    0.970000      3.7329     -0.0874      4.4418      3.7329  Siess     
    0.975000      3.7343     -0.0739      4.4364      3.7343  Siess     
    0.980000      3.7358     -0.0604      4.4311      3.7358  Siess     
    0.985000      3.7373     -0.0470      4.4258      3.7373  Siess     
    0.990000      3.7388     -0.0337      4.4205      3.7388  Siess     
    0.995000      3.7403     -0.0205      4.4152      3.7403  Siess     
    1.000000      3.7417     -0.0073      4.4100      3.7417  Siess     
    1.005000      3.7428      0.0051      4.4042      3.7428  Siess     
    1.010000      3.7438      0.0175      4.3984      3.7438  Siess     
    1.015000      3.7449      0.0297      4.3926      3.7449  Siess     
    1.020000      3.7459      0.0420      4.3869      3.7459  Siess     
    1.025000      3.7469      0.0541      4.3811      3.7469  Siess     
    1.030000      3.7480      0.0662      4.3754      3.7480  Siess     
    1.035000      3.7490      0.0783      4.3698      3.7490  Siess     
    1.040000      3.7500      0.0903      4.3642      3.7500  Siess     
    1.045000      3.7510      0.1022      4.3586      3.7510  Siess     
    1.050000      3.7521      0.1141      4.3530      3.7521  Siess     
    1.055000      3.7531      0.1259      4.3474      3.7531  Siess     
    1.060000      3.7541      0.1376      4.3419      3.7541  Siess     
    1.065000      3.7551      0.1494      4.3364      3.7551  Siess     
    1.070000      3.7561      0.1610      4.3309      3.7561  Siess     
    1.075000      3.7571      0.1726      4.3255      3.7571  Siess     
    1.080000      3.7580      0.1841      4.3200      3.7580  Siess     
    1.085000      3.7590      0.1956      4.3146      3.7590  Siess     
    1.090000      3.7600      0.2071      4.3093      3.7600  Siess     
    1.095000      3.7610      0.2185      4.3039      3.7610  Siess     
    1.100000      3.7619      0.2298      4.2986      3.7619  Siess     
    1.105000      3.7624      0.2448      4.2872      3.7624  Siess     
    1.110000      3.7628      0.2598      4.2759      3.7628  Siess     
    1.115000      3.7632      0.2747      4.2646      3.7632  Siess     
    1.120000      3.7636      0.2896      4.2533      3.7636  Siess     
    1.125000      3.7641      0.3044      4.2421      3.7641  Siess     
    1.130000      3.7645      0.3191      4.2310      3.7645  Siess     
    1.135000      3.7649      0.3338      4.2199      3.7649  Siess     
    1.140000      3.7653      0.3484      4.2089      3.7653  Siess     
    1.145000      3.7657      0.3629      4.1979      3.7657  Siess     
    1.145000      3.7682      0.5123      4.0022      3.7682  Padova    
    1.150000      3.7637      0.5260      3.9726      3.7637  Padova    
    1.155000      3.7593      0.5397      3.9431      3.7593  Padova    
    1.160000      3.7549      0.5533      3.9137      3.7549  Padova    
    1.160550      3.7544      0.5548      3.9105      3.7544  Padova    
    1.165000      3.7424      0.5418      3.8770      3.7424  Padova    
    1.168030      3.7342      0.5329      3.8543      3.7342  Padova    
    1.170000      3.7263      0.5202      3.8360      3.7263  Padova    
    1.171577      3.7199      0.5100      3.8213      3.7199  Padova    
    1.174565      3.7073      0.4972      3.7850      3.7073  Padova    
    1.175000      3.7062      0.5014      3.7765      3.7062  Padova    
    1.179309      3.6951      0.5430      3.6919      3.6951  Padova    
    1.180000      3.6941      0.5572      3.6739      3.6941  Padova    
    1.182613      3.6903      0.6109      3.6059      3.6903  Padova    
    1.184956      3.6877      0.6689      3.5386      3.6877  Padova    
    1.185000      3.6877      0.6702      3.5371      3.6877  Padova    
    1.187040      3.6855      0.7313      3.4680      3.6855  Padova    
    1.188941      3.6837      0.7926      3.4004      3.6837  Padova    
    1.190000      3.6826      0.8321      3.3567      3.6826  Padova    
    1.190600      3.6819      0.8545      3.3319      3.6819  Padova    
    1.192061      3.6800      0.9175      3.2614      3.6800  Padova    
    1.193278      3.6781      0.9771      3.1947      3.6781  Padova    
    1.194338      3.6760      1.0349      3.1289      3.6760  Padova    
    1.195000      3.6744      1.0755      3.0821      3.6744  Padova    
    1.195310      3.6736      1.0945      3.0602      3.6736  Padova    
    1.196175      3.6714      1.1520      2.9940      3.6714  Padova    
    1.196931      3.6690      1.2095      2.9271      3.6690  Padova    
    1.197652      3.6663      1.2724      2.8538      3.6663  Padova    
    1.198223      3.6639      1.3289      2.7875      3.6639  Padova    
    1.198769      3.6612      1.3864      2.7195      3.6612  Padova    
    1.199296      3.6584      1.4444      2.6505      3.6584  Padova    
    1.199821      3.6560      1.4937      2.5916      3.6560  Padova    
    1.200000      3.6554      1.5064      2.5765      3.6554  Padova    
    1.200000      3.6554      1.5064      2.5765      3.6554  Padova    
    1.200172      3.6549      1.5173      2.5635      3.6549  Padova    
    1.200747      3.6583      1.4600      2.6347      3.6583  Padova    
    1.201178      3.6555      1.5193      2.5640      3.6555  Padova    
    1.201625      3.6523      1.5803      2.4903      3.6523  Padova    
    1.202039      3.6487      1.6448      2.4114      3.6487  Padova    
    1.202480      3.6447      1.7183      2.3220      3.6447  Padova    
    1.202802      3.6413      1.7795      2.2471      3.6413  Padova    
    1.203125      3.6377      1.8431      2.1687      3.6377  Padova    
    1.203364      3.6339      1.9015      2.0952      3.6339  Padova    
    1.203574      3.6300      1.9634      2.0177      3.6300  Padova    
    1.203785      3.6255      2.0233      1.9395      3.6255  Padova    
    1.203969      3.6220      2.0854      1.8631      3.6220  Padova    
    1.204149      3.6174      2.1505      1.7791      3.6174  Padova    
    1.204279      3.6133      2.2125      1.7005      3.6133  Padova    
    1.204408      3.6093      2.2725      1.6240      3.6093  Padova    
    1.204535      3.6054      2.3381      1.5420      3.6054  Padova    
    1.204660      3.5994      2.4083      1.4474      3.5994  Padova    
    1.204745      3.5950      2.4690      1.3682      3.5950  Padova    
    1.204828      3.5900      2.5314      1.2851      3.5900  Padova    
    1.204899      3.5852      2.5909      1.2054      3.5852  Padova    
    1.204969      3.5799      2.6547      1.1193      3.5799  Padova    
    1.205000      3.5771      2.6863      1.0759      3.5771  Padova    
    1.205028      3.5746      2.7147      1.0370      3.5746  Padova    
    1.205080      3.5699      2.7734      0.9582      3.5699  Padova    
    1.205130      3.5642      2.8336      0.8737      3.5642  Padova    
    1.205169      3.5563      2.8915      0.7827      3.5563  Padova    
    1.205213      3.5513      2.9571      0.6948      3.5513  Padova    
    1.205249      3.5460      3.0153      0.6127      3.5460  Padova    
    1.205282      3.5379      3.0748      0.5180      3.5379  Padova    
    1.205314      3.5323      3.1359      0.4309      3.5323  Padova    
    1.205341      3.5248      3.1916      0.3410      3.5248  Padova    
    1.205368      3.5191      3.2516      0.2532      3.5191  Padova    
    1.205390      3.5118      3.3054      0.1651      3.5118  Padova    
    1.205412      3.5053      3.3613      0.0766      3.5053  Padova    
    1.205413      3.5051      3.3635      0.0731      3.5051  Padova    
    1.205413      3.5051      3.3635      0.0731      3.5051  Padova    
    1.205564      3.6603      1.6774      2.3798      3.6603  Padova    
    1.205715      3.6595      1.6905      2.3634      3.6595  Padova    
    1.205872      3.6598      1.6892      2.3659      3.6598  Padova    
    1.206232      3.6608      1.6828      2.3764      3.6608  Padova    
    1.206601      3.6613      1.6791      2.3824      3.6613  Padova    
    1.206974      3.6618      1.6759      2.3877      3.6618  Padova    
    1.207357      3.6624      1.6723      2.3939      3.6624  Padova    
    1.207746      3.6628      1.6709      2.3972      3.6628  Padova    
    1.208148      3.6632      1.6693      2.4006      3.6632  Padova    
    1.208558      3.6636      1.6691      2.4023      3.6636  Padova    
    1.208960      3.6638      1.6694      2.4033      3.6638  Padova    
    1.209363      3.6639      1.6717      2.4016      3.6639  Padova    
    1.209761      3.6640      1.6763      2.3974      3.6640  Padova    
    1.209993      3.6641      1.6803      2.3942      3.6641  Padova    
    1.210000      3.6641      1.6805      2.3940      3.6641  Padova    
    1.210109      3.6640      1.6832      2.3906      3.6640  Padova    
    1.210393      3.6635      1.6908      2.3812      3.6635  Padova    
    1.210684      3.6629      1.7010      2.3688      3.6629  Padova    
    1.210975      3.6621      1.7136      2.3533      3.6621  Padova    
    1.211434      3.6594      1.7493      2.3069      3.6594  Padova    
    1.211535      3.6586      1.7599      2.2930      3.6586  Padova    
    1.211700      3.6572      1.7768      2.2707      3.6572  Padova    
    1.212063      3.6532      1.8268      2.2049      3.6532  Padova    
    1.212116      3.6493      1.8739      2.1421      3.6493  Padova    
    1.212154      3.6433      1.9460      2.0460      3.6433  Padova    
    1.212165      3.6390      2.0020      1.9731      3.6390  Padova    
    1.212174      3.6321      2.0877      1.8597      3.6321  Padova    
    1.212178      3.6275      2.1481      1.7810      3.6275  Padova    
    1.212183      3.6223      2.2151      1.6931      3.6223  Padova    
    1.212190      3.6178      2.2656      1.6246      3.6178  Padova    
    1.212192      3.6169      2.2750      1.6115      3.6169  Padova    
    1.212216      3.6224      2.2132      1.6955      3.6224  Padova    
    1.212249      3.6247      2.1897      1.7280      3.6247  Padova    
    1.212395      3.6166      2.2800      1.6055      3.6166  Padova    
    1.212464      3.6096      2.3655      1.4921      3.6096  Padova    
    1.212504      3.6039      2.4367      1.3979      3.6039  Padova    
    1.212538      3.5966      2.5087      1.2969      3.5966  Padova    
    1.212566      3.5902      2.5767      1.2033      3.5902  Padova    
    1.212593      3.5838      2.6573      1.0971      3.5838  Padova    
    1.212608      3.5788      2.7156      1.0188      3.5788  Padova    
    1.212618      3.5734      2.7697      0.9432      3.5734  Padova    
    1.212628      3.5672      2.8328      0.8551      3.5672  Padova    
    1.212636      3.5605      2.8896      0.7717      3.5605  Padova    
    1.212644      3.5531      2.9512      0.6804      3.5531  Padova    
    1.212652      3.5477      3.0102      0.5999      3.5477  Padova    
    1.212659      3.5399      3.0627      0.5160      3.5399  Padova    
    1.212667      3.5346      3.1164      0.4412      3.5346  Padova    
    1.212675      3.5286      3.1669      0.3667      3.5286  Padova    
    1.212685      3.5216      3.2218      0.2838      3.5216  Padova    
    1.212694      3.5131      3.2789      0.1929      3.5131  Padova    
    1.212700      3.5028      3.3579      0.0723      3.5028  Padova    
    1.212701      3.4983      3.3858      0.0265      3.4983  Padova    
    1.212701      3.4983      3.3858      0.0265      3.4983  Padova    
    1.212726      3.4990      3.4919     -0.0769      3.4990  Padova    
    1.212747      3.4865      3.5895     -0.2258      3.4865  Padova    
    1.212769      3.4720      3.6900     -0.3966      3.4720  Padova    
    1.212777      3.4645      3.7209     -0.4903      3.4645  Padova    
    1.212782      3.8647      3.7360      0.8618      3.8647  Padova    
