    # M_init       log T       log L       log g    log T WR  Source    
    # (Msun)    (Kelvin)      (Lsun)          ()    (Kelvin)  ()        
    0.100000      3.4801     -2.4665      4.8923      3.4801  Siess     
    0.105000      3.4834     -2.4309      4.8930      3.4834  Siess     
    0.110000      3.4866     -2.3970      4.8936      3.4866  Siess     
    0.115000      3.4897     -2.3646      4.8943      3.4897  Siess     
    0.120000      3.4927     -2.3336      4.8949      3.4927  Siess     
    0.125000      3.4955     -2.3039      4.8954      3.4955  Siess     
    0.130000      3.4982     -2.2753      4.8960      3.4982  Siess     
    0.135000      3.5003     -2.2500      4.8942      3.5003  Siess     
    0.140000      3.5023     -2.2257      4.8925      3.5023  Siess     
    0.145000      3.5043     -2.2022      4.8908      3.5043  Siess     
    0.150000      3.5062     -2.1795      4.8892      3.5062  Siess     
    0.155000      3.5080     -2.1575      4.8877      3.5080  Siess     
    0.160000      3.5098     -2.1363      4.8862      3.5098  Siess     
    0.165000      3.5114     -2.1163      4.8857      3.5114  Siess     
    0.170000      3.5129     -2.0968      4.8851      3.5129  Siess     
    0.175000      3.5145     -2.0780      4.8846      3.5145  Siess     
    0.180000      3.5159     -2.0597      4.8841      3.5159  Siess     
    0.185000      3.5174     -2.0419      4.8836      3.5174  Siess     
    0.190000      3.5187     -2.0245      4.8832      3.5187  Siess     
    0.195000      3.5201     -2.0077      4.8827      3.5201  Siess     
    0.200000      3.5214     -1.9912      4.8823      3.5214  Siess     
    0.205000      3.5231     -1.9751      4.8820      3.5231  Siess     
    0.210000      3.5248     -1.9594      4.8817      3.5248  Siess     
    0.215000      3.5264     -1.9441      4.8814      3.5264  Siess     
    0.220000      3.5280     -1.9291      4.8811      3.5280  Siess     
    0.225000      3.5296     -1.9145      4.8809      3.5296  Siess     
    0.230000      3.5311     -1.9001      4.8806      3.5311  Siess     
    0.235000      3.5326     -1.8861      4.8804      3.5326  Siess     
    0.240000      3.5341     -1.8724      4.8801      3.5341  Siess     
    0.245000      3.5355     -1.8590      4.8799      3.5355  Siess     
    0.250000      3.5369     -1.8458      4.8796      3.5369  Siess     
    0.255000      3.5381     -1.8326      4.8789      3.5381  Siess     
    0.260000      3.5393     -1.8197      4.8782      3.5393  Siess     
    0.265000      3.5404     -1.8070      4.8775      3.5404  Siess     
    0.270000      3.5415     -1.7945      4.8769      3.5415  Siess     
    0.275000      3.5426     -1.7823      4.8762      3.5426  Siess     
    0.280000      3.5437     -1.7702      4.8756      3.5437  Siess     
    0.285000      3.5448     -1.7584      4.8749      3.5448  Siess     
    0.290000      3.5458     -1.7469      4.8743      3.5458  Siess     
    0.295000      3.5469     -1.7355      4.8737      3.5469  Siess     
    0.300000      3.5479     -1.7243      4.8731      3.5479  Siess     
    0.305000      3.5489     -1.7123      4.8725      3.5489  Siess     
    0.310000      3.5500     -1.7006      4.8720      3.5500  Siess     
    0.315000      3.5510     -1.6891      4.8715      3.5510  Siess     
    0.320000      3.5520     -1.6777      4.8710      3.5520  Siess     
    0.325000      3.5529     -1.6665      4.8704      3.5529  Siess     
    0.330000      3.5539     -1.6555      4.8699      3.5539  Siess     
    0.335000      3.5549     -1.6446      4.8694      3.5549  Siess     
    0.340000      3.5558     -1.6340      4.8689      3.5558  Siess     
    0.345000      3.5567     -1.6234      4.8685      3.5567  Siess     
    0.350000      3.5576     -1.6130      4.8680      3.5576  Siess     
    0.355000      3.5585     -1.6028      4.8675      3.5585  Siess     
    0.360000      3.5594     -1.5927      4.8671      3.5594  Siess     
    0.365000      3.5603     -1.5828      4.8666      3.5603  Siess     
    0.370000      3.5612     -1.5730      4.8662      3.5612  Siess     
    0.375000      3.5620     -1.5633      4.8657      3.5620  Siess     
    0.380000      3.5628     -1.5537      4.8653      3.5628  Siess     
    0.385000      3.5637     -1.5443      4.8648      3.5637  Siess     
    0.390000      3.5645     -1.5350      4.8644      3.5645  Siess     
    0.395000      3.5653     -1.5258      4.8640      3.5653  Siess     
    0.400000      3.5661     -1.5167      4.8636      3.5661  Siess     
    0.405000      3.5670     -1.5050      4.8622      3.5670  Siess     
    0.410000      3.5679     -1.4935      4.8608      3.5679  Siess     
    0.415000      3.5687     -1.4820      4.8594      3.5687  Siess     
    0.420000      3.5696     -1.4708      4.8580      3.5696  Siess     
    0.425000      3.5704     -1.4596      4.8567      3.5704  Siess     
    0.430000      3.5712     -1.4486      4.8553      3.5712  Siess     
    0.435000      3.5721     -1.4377      4.8540      3.5721  Siess     
    0.440000      3.5729     -1.4269      4.8527      3.5729  Siess     
    0.445000      3.5737     -1.4163      4.8514      3.5737  Siess     
    0.450000      3.5745     -1.4058      4.8501      3.5745  Siess     
    0.455000      3.5753     -1.3953      4.8489      3.5753  Siess     
    0.460000      3.5761     -1.3850      4.8476      3.5761  Siess     
    0.465000      3.5768     -1.3749      4.8464      3.5768  Siess     
    0.470000      3.5776     -1.3648      4.8452      3.5776  Siess     
    0.475000      3.5783     -1.3548      4.8440      3.5783  Siess     
    0.480000      3.5791     -1.3449      4.8428      3.5791  Siess     
    0.485000      3.5798     -1.3352      4.8416      3.5798  Siess     
    0.490000      3.5806     -1.3255      4.8404      3.5806  Siess     
    0.495000      3.5813     -1.3160      4.8393      3.5813  Siess     
    0.500000      3.5820     -1.3065      4.8381      3.5820  Siess     
    0.505000      3.5831     -1.2941      4.8346      3.5831  Siess     
    0.510000      3.5842     -1.2818      4.8312      3.5842  Siess     
    0.515000      3.5853     -1.2696      4.8278      3.5853  Siess     
    0.520000      3.5864     -1.2576      4.8244      3.5864  Siess     
    0.525000      3.5874     -1.2457      4.8211      3.5874  Siess     
    0.530000      3.5885     -1.2338      4.8178      3.5885  Siess     
    0.535000      3.5895     -1.2221      4.8145      3.5895  Siess     
    0.540000      3.5905     -1.2105      4.8113      3.5905  Siess     
    0.545000      3.5916     -1.1990      4.8081      3.5916  Siess     
    0.550000      3.5926     -1.1877      4.8049      3.5926  Siess     
    0.555000      3.5936     -1.1764      4.8017      3.5936  Siess     
    0.560000      3.5946     -1.1652      4.7986      3.5946  Siess     
    0.565000      3.5956     -1.1541      4.7955      3.5956  Siess     
    0.570000      3.5965     -1.1431      4.7924      3.5965  Siess     
    0.575000      3.5975     -1.1322      4.7894      3.5975  Siess     
    0.580000      3.5985     -1.1214      4.7864      3.5985  Siess     
    0.585000      3.5994     -1.1107      4.7834      3.5994  Siess     
    0.590000      3.6004     -1.1001      4.7804      3.6004  Siess     
    0.595000      3.6013     -1.0896      4.7774      3.6013  Siess     
    0.600000      3.6022     -1.0792      4.7745      3.6022  Siess     
    0.605000      3.6040     -1.0666      4.7700      3.6040  Siess     
    0.610000      3.6057     -1.0541      4.7655      3.6057  Siess     
    0.615000      3.6073     -1.0417      4.7611      3.6073  Siess     
    0.620000      3.6090     -1.0294      4.7567      3.6090  Siess     
    0.625000      3.6107     -1.0172      4.7523      3.6107  Siess     
    0.630000      3.6123     -1.0051      4.7480      3.6123  Siess     
    0.635000      3.6139     -0.9931      4.7436      3.6139  Siess     
    0.640000      3.6156     -0.9812      4.7394      3.6156  Siess     
    0.645000      3.6172     -0.9694      4.7351      3.6172  Siess     
    0.650000      3.6188     -0.9576      4.7309      3.6188  Siess     
    0.655000      3.6203     -0.9460      4.7268      3.6203  Siess     
    0.660000      3.6219     -0.9345      4.7226      3.6219  Siess     
    0.665000      3.6235     -0.9230      4.7185      3.6235  Siess     
    0.670000      3.6250     -0.9116      4.7144      3.6250  Siess     
    0.675000      3.6266     -0.9003      4.7104      3.6266  Siess     
    0.680000      3.6281     -0.8891      4.7063      3.6281  Siess     
    0.685000      3.6296     -0.8780      4.7024      3.6296  Siess     
    0.690000      3.6311     -0.8670      4.6984      3.6311  Siess     
    0.695000      3.6326     -0.8560      4.6945      3.6326  Siess     
    0.700000      3.6341     -0.8451      4.6906      3.6341  Siess     
    0.705000      3.6358     -0.8337      4.6879      3.6358  Siess     
    0.710000      3.6375     -0.8223      4.6852      3.6375  Siess     
    0.715000      3.6392     -0.8110      4.6825      3.6392  Siess     
    0.720000      3.6409     -0.7998      4.6799      3.6409  Siess     
    0.725000      3.6426     -0.7887      4.6773      3.6426  Siess     
    0.730000      3.6442     -0.7776      4.6747      3.6442  Siess     
    0.735000      3.6459     -0.7666      4.6721      3.6459  Siess     
    0.740000      3.6475     -0.7557      4.6695      3.6475  Siess     
    0.745000      3.6492     -0.7449      4.6670      3.6492  Siess     
    0.750000      3.6508     -0.7341      4.6644      3.6508  Siess     
    0.755000      3.6524     -0.7234      4.6619      3.6524  Siess     
    0.760000      3.6540     -0.7128      4.6594      3.6540  Siess     
    0.765000      3.6556     -0.7023      4.6569      3.6556  Siess     
    0.770000      3.6572     -0.6918      4.6545      3.6572  Siess     
    0.775000      3.6588     -0.6814      4.6520      3.6588  Siess     
    0.780000      3.6603     -0.6710      4.6496      3.6603  Siess     
    0.785000      3.6619     -0.6607      4.6472      3.6619  Siess     
    0.790000      3.6634     -0.6505      4.6448      3.6634  Siess     
    0.795000      3.6649     -0.6404      4.6424      3.6649  Siess     
    0.800000      3.6665     -0.6303      4.6400      3.6665  Siess     
    0.805000      3.6682     -0.6180      4.6374      3.6682  Siess     
    0.810000      3.6700     -0.6058      4.6347      3.6700  Siess     
    0.815000      3.6717     -0.5936      4.6321      3.6717  Siess     
    0.820000      3.6735     -0.5816      4.6295      3.6735  Siess     
    0.825000      3.6752     -0.5696      4.6269      3.6752  Siess     
    0.830000      3.6769     -0.5576      4.6244      3.6769  Siess     
    0.835000      3.6787     -0.5458      4.6218      3.6787  Siess     
    0.840000      3.6804     -0.5340      4.6193      3.6804  Siess     
    0.845000      3.6820     -0.5223      4.6168      3.6820  Siess     
    0.850000      3.6837     -0.5107      4.6143      3.6837  Siess     
    0.855000      3.6854     -0.4991      4.6118      3.6854  Siess     
    0.860000      3.6871     -0.4876      4.6093      3.6871  Siess     
    0.865000      3.6887     -0.4761      4.6068      3.6887  Siess     
    0.870000      3.6904     -0.4648      4.6044      3.6904  Siess     
    0.875000      3.6920     -0.4534      4.6020      3.6920  Siess     
    0.880000      3.6936     -0.4422      4.5995      3.6936  Siess     
    0.885000      3.6952     -0.4310      4.5971      3.6952  Siess     
    0.890000      3.6968     -0.4199      4.5947      3.6968  Siess     
    0.895000      3.6984     -0.4088      4.5924      3.6984  Siess     
    0.900000      3.7000     -0.3979      4.5900      3.7000  Siess     
    0.905000      3.7015     -0.3866      4.5874      3.7015  Siess     
    0.910000      3.7030     -0.3754      4.5848      3.7030  Siess     
    0.915000      3.7045     -0.3643      4.5822      3.7045  Siess     
    0.920000      3.7060     -0.3532      4.5796      3.7060  Siess     
    0.925000      3.7075     -0.3422      4.5770      3.7075  Siess     
    0.930000      3.7089     -0.3312      4.5744      3.7089  Siess     
    0.935000      3.7104     -0.3203      4.5719      3.7104  Siess     
    0.940000      3.7118     -0.3095      4.5694      3.7118  Siess     
    0.945000      3.7133     -0.2987      4.5668      3.7133  Siess     
    0.950000      3.7147     -0.2880      4.5643      3.7147  Siess     
    0.955000      3.7161     -0.2773      4.5619      3.7161  Siess     
    0.960000      3.7175     -0.2667      4.5594      3.7175  Siess     
    0.965000      3.7189     -0.2561      4.5569      3.7189  Siess     
    0.970000      3.7204     -0.2456      4.5545      3.7204  Siess     
    0.975000      3.7217     -0.2352      4.5520      3.7217  Siess     
    0.980000      3.7231     -0.2248      4.5496      3.7231  Siess     
    0.985000      3.7245     -0.2144      4.5472      3.7245  Siess     
    0.990000      3.7259     -0.2042      4.5448      3.7259  Siess     
    0.995000      3.7273     -0.1939      4.5424      3.7273  Siess     
    1.000000      3.7286     -0.1837      4.5400      3.7286  Siess     
    1.005000      3.7299     -0.1735      4.5369      3.7299  Siess     
    1.010000      3.7312     -0.1633      4.5337      3.7312  Siess     
    1.015000      3.7325     -0.1531      4.5306      3.7325  Siess     
    1.020000      3.7338     -0.1430      4.5275      3.7338  Siess     
    1.025000      3.7351     -0.1329      4.5245      3.7351  Siess     
    1.030000      3.7363     -0.1229      4.5214      3.7363  Siess     
    1.035000      3.7376     -0.1130      4.5183      3.7376  Siess     
    1.040000      3.7388     -0.1031      4.5153      3.7388  Siess     
    1.045000      3.7401     -0.0932      4.5123      3.7401  Siess     
    1.050000      3.7413     -0.0834      4.5093      3.7413  Siess     
    1.055000      3.7426     -0.0736      4.5063      3.7426  Siess     
    1.060000      3.7438     -0.0639      4.5033      3.7438  Siess     
    1.065000      3.7450     -0.0542      4.5004      3.7450  Siess     
    1.070000      3.7463     -0.0446      4.4974      3.7463  Siess     
    1.075000      3.7475     -0.0350      4.4945      3.7475  Siess     
    1.080000      3.7487     -0.0255      4.4916      3.7487  Siess     
    1.085000      3.7499     -0.0160      4.4886      3.7499  Siess     
    1.090000      3.7511     -0.0065      4.4857      3.7511  Siess     
    1.095000      3.7523      0.0029      4.4829      3.7523  Siess     
    1.100000      3.7535      0.0123      4.4800      3.7535  Siess     
    1.105000      3.7547      0.0225      4.4764      3.7547  Siess     
    1.110000      3.7559      0.0327      4.4727      3.7559  Siess     
    1.115000      3.7571      0.0429      4.4691      3.7571  Siess     
    1.120000      3.7582      0.0530      4.4655      3.7582  Siess     
    1.125000      3.7594      0.0631      4.4619      3.7594  Siess     
    1.130000      3.7606      0.0731      4.4584      3.7606  Siess     
    1.135000      3.7618      0.0831      4.4548      3.7618  Siess     
    1.140000      3.7629      0.0930      4.4513      3.7629  Siess     
    1.145000      3.7641      0.1029      4.4477      3.7641  Siess     
    1.150000      3.7652      0.1128      4.4442      3.7652  Siess     
    1.155000      3.7664      0.1226      4.4407      3.7664  Siess     
    1.160000      3.7675      0.1324      4.4373      3.7675  Siess     
    1.165000      3.7687      0.1421      4.4338      3.7687  Siess     
    1.170000      3.7698      0.1518      4.4304      3.7698  Siess     
    1.175000      3.7709      0.1614      4.4269      3.7709  Siess     
    1.180000      3.7720      0.1710      4.4235      3.7720  Siess     
    1.185000      3.7732      0.1806      4.4201      3.7732  Siess     
    1.190000      3.7743      0.1901      4.4167      3.7743  Siess     
    1.195000      3.7754      0.1996      4.4134      3.7754  Siess     
    1.200000      3.7765      0.2090      4.4100      3.7765  Siess     
    1.205000      3.7775      0.2179      4.4074      3.7775  Siess     
    1.210000      3.7786      0.2267      4.4048      3.7786  Siess     
    1.215000      3.7796      0.2355      4.4022      3.7796  Siess     
    1.220000      3.7806      0.2442      4.3997      3.7806  Siess     
    1.225000      3.7816      0.2530      4.3971      3.7816  Siess     
    1.230000      3.7827      0.2616      4.3946      3.7827  Siess     
    1.235000      3.7837      0.2703      4.3920      3.7837  Siess     
    1.240000      3.7847      0.2789      4.3895      3.7847  Siess     
    1.245000      3.7857      0.2875      4.3870      3.7857  Siess     
    1.250000      3.7867      0.2960      4.3845      3.7867  Siess     
    1.255000      3.7877      0.3045      4.3820      3.7877  Siess     
    1.260000      3.7887      0.3130      4.3795      3.7887  Siess     
    1.265000      3.7897      0.3215      4.3770      3.7897  Siess     
    1.270000      3.7907      0.3299      4.3746      3.7907  Siess     
    1.275000      3.7916      0.3382      4.3721      3.7916  Siess     
    1.280000      3.7926      0.3466      4.3697      3.7926  Siess     
    1.285000      3.7936      0.3549      4.3672      3.7936  Siess     
    1.290000      3.7946      0.3632      4.3648      3.7946  Siess     
    1.295000      3.7955      0.3714      4.3624      3.7955  Siess     
    1.300000      3.7965      0.3796      4.3600      3.7965  Siess     
    1.305000      3.7975      0.3876      4.3579      3.7975  Siess     
    1.310000      3.7986      0.3955      4.3559      3.7986  Siess     
    1.315000      3.7996      0.4033      4.3538      3.7996  Siess     
    1.320000      3.8006      0.4112      4.3518      3.8006  Siess     
    1.325000      3.8016      0.4190      4.3497      3.8016  Siess     
    1.330000      3.8026      0.4268      4.3477      3.8026  Siess     
    1.335000      3.8036      0.4345      4.3457      3.8036  Siess     
    1.340000      3.8046      0.4422      4.3436      3.8046  Siess     
    1.345000      3.8056      0.4499      4.3416      3.8056  Siess     
    1.350000      3.8066      0.4576      4.3396      3.8066  Siess     
    1.355000      3.8076      0.4652      4.3376      3.8076  Siess     
    1.360000      3.8086      0.4728      4.3356      3.8086  Siess     
    1.365000      3.8095      0.4804      4.3337      3.8095  Siess     
    1.370000      3.8105      0.4879      4.3317      3.8105  Siess     
    1.375000      3.8115      0.4955      4.3297      3.8115  Siess     
    1.380000      3.8125      0.5030      4.3278      3.8125  Siess     
    1.385000      3.8134      0.5104      4.3258      3.8134  Siess     
    1.390000      3.8144      0.5179      4.3239      3.8144  Siess     
    1.395000      3.8154      0.5253      4.3219      3.8154  Siess     
    1.400000      3.8163      0.5327      4.3200      3.8163  Siess     
    1.405000      3.8174      0.5394      4.3190      3.8174  Siess     
    1.410000      3.8184      0.5462      4.3179      3.8184  Siess     
    1.415000      3.8195      0.5529      4.3169      3.8195  Siess     
    1.420000      3.8205      0.5596      4.3159      3.8205  Siess     
    1.425000      3.8216      0.5662      4.3149      3.8216  Siess     
    1.430000      3.8226      0.5729      4.3139      3.8226  Siess     
    1.435000      3.8237      0.5795      4.3128      3.8237  Siess     
    1.440000      3.8247      0.5861      4.3118      3.8247  Siess     
    1.445000      3.8257      0.5927      4.3108      3.8257  Siess     
    1.450000      3.8268      0.5992      4.3098      3.8268  Siess     
    1.455000      3.8278      0.6058      4.3088      3.8278  Siess     
    1.460000      3.8288      0.6123      4.3078      3.8288  Siess     
    1.465000      3.8298      0.6188      4.3068      3.8298  Siess     
    1.470000      3.8309      0.6252      4.3059      3.8309  Siess     
    1.475000      3.8319      0.6317      4.3049      3.8319  Siess     
    1.480000      3.8329      0.6381      4.3039      3.8329  Siess     
    1.485000      3.8339      0.6445      4.3029      3.8339  Siess     
    1.490000      3.8349      0.6509      4.3019      3.8349  Siess     
    1.495000      3.8359      0.6572      4.3010      3.8359  Siess     
    1.500000      3.8369      0.6636      4.3000      3.8369  Siess     
    1.505000      3.8382      0.6700      4.3000      3.8382  Siess     
    1.510000      3.8395      0.6764      4.3000      3.8395  Siess     
    1.515000      3.8409      0.6829      4.3000      3.8409  Siess     
    1.520000      3.8422      0.6892      4.3000      3.8422  Siess     
    1.525000      3.8435      0.6956      4.3000      3.8435  Siess     
    1.530000      3.8448      0.7020      4.3000      3.8448  Siess     
    1.535000      3.8461      0.7083      4.3000      3.8461  Siess     
    1.540000      3.8474      0.7146      4.3000      3.8474  Siess     
    1.545000      3.8487      0.7209      4.3000      3.8487  Siess     
    1.550000      3.8500      0.7271      4.3000      3.8500  Siess     
    1.555000      3.8513      0.7334      4.3000      3.8513  Siess     
    1.560000      3.8526      0.7396      4.3000      3.8526  Siess     
    1.565000      3.8539      0.7458      4.3000      3.8539  Siess     
    1.570000      3.8552      0.7520      4.3000      3.8552  Siess     
    1.575000      3.8564      0.7582      4.3000      3.8564  Siess     
    1.580000      3.8577      0.7643      4.3000      3.8577  Siess     
    1.585000      3.8590      0.7704      4.3000      3.8590  Siess     
    1.590000      3.8602      0.7766      4.3000      3.8602  Siess     
    1.595000      3.8615      0.7826      4.3000      3.8615  Siess     
    1.600000      3.8628      0.7887      4.3000      3.8628  Siess     
    1.605000      3.8640      0.7948      4.3000      3.8640  Siess     
    1.610000      3.8653      0.8008      4.3000      3.8653  Siess     
    1.615000      3.8665      0.8068      4.3000      3.8665  Siess     
    1.620000      3.8678      0.8128      4.3000      3.8678  Siess     
    1.625000      3.8690      0.8187      4.3000      3.8690  Siess     
    1.630000      3.8703      0.8247      4.3000      3.8703  Siess     
    1.635000      3.8715      0.8306      4.3000      3.8715  Siess     
    1.640000      3.8728      0.8365      4.3000      3.8728  Siess     
    1.645000      3.8740      0.8424      4.3000      3.8740  Siess     
    1.650000      3.8752      0.8483      4.3000      3.8752  Siess     
    1.655000      3.8765      0.8541      4.3000      3.8765  Siess     
    1.660000      3.8777      0.8599      4.3000      3.8777  Siess     
    1.665000      3.8789      0.8658      4.3000      3.8789  Siess     
    1.670000      3.8801      0.8716      4.3000      3.8801  Siess     
    1.675000      3.8813      0.8774      4.3000      3.8813  Siess     
    1.680000      3.8825      0.8831      4.3000      3.8825  Siess     
    1.685000      3.8837      0.8889      4.3000      3.8837  Siess     
    1.690000      3.8849      0.8946      4.3000      3.8849  Siess     
    1.695000      3.8861      0.9003      4.3000      3.8861  Siess     
    1.700000      3.8873      0.9060      4.3000      3.8873  Siess     
    1.705000      3.8885      0.9114      4.3005      3.8885  Siess     
    1.710000      3.8897      0.9168      4.3010      3.8897  Siess     
    1.715000      3.8909      0.9222      4.3015      3.8909  Siess     
    1.720000      3.8920      0.9276      4.3020      3.8920  Siess     
    1.725000      3.8932      0.9329      4.3026      3.8932  Siess     
    1.730000      3.8943      0.9382      4.3031      3.8943  Siess     
    1.735000      3.8955      0.9436      4.3036      3.8955  Siess     
    1.740000      3.8966      0.9489      4.3041      3.8966  Siess     
    1.745000      3.8978      0.9541      4.3046      3.8978  Siess     
    1.750000      3.8989      0.9594      4.3051      3.8989  Siess     
    1.755000      3.9001      0.9647      4.3056      3.9001  Siess     
    1.760000      3.9012      0.9699      4.3061      3.9012  Siess     
    1.765000      3.9023      0.9751      4.3066      3.9023  Siess     
    1.770000      3.9035      0.9803      4.3071      3.9035  Siess     
    1.775000      3.9046      0.9855      4.3076      3.9046  Siess     
    1.780000      3.9057      0.9907      4.3080      3.9057  Siess     
    1.785000      3.9069      0.9959      4.3085      3.9069  Siess     
    1.790000      3.9080      1.0010      4.3090      3.9080  Siess     
    1.795000      3.9091      1.0062      4.3095      3.9091  Siess     
    1.800000      3.9102      1.0113      4.3100      3.9102  Siess     
    1.805000      3.9112      1.0163      4.3100      3.9112  Siess     
    1.810000      3.9122      1.0213      4.3100      3.9122  Siess     
    1.815000      3.9132      1.0263      4.3100      3.9132  Siess     
    1.820000      3.9141      1.0313      4.3100      3.9141  Siess     
    1.825000      3.9151      1.0362      4.3100      3.9151  Siess     
    1.830000      3.9161      1.0412      4.3100      3.9161  Siess     
    1.835000      3.9171      1.0461      4.3100      3.9171  Siess     
    1.840000      3.9180      1.0510      4.3100      3.9180  Siess     
    1.845000      3.9190      1.0559      4.3100      3.9190  Siess     
    1.850000      3.9200      1.0608      4.3100      3.9200  Siess     
    1.855000      3.9209      1.0657      4.3100      3.9209  Siess     
    1.860000      3.9219      1.0705      4.3100      3.9219  Siess     
    1.865000      3.9228      1.0754      4.3100      3.9228  Siess     
    1.870000      3.9238      1.0802      4.3100      3.9238  Siess     
    1.875000      3.9248      1.0850      4.3100      3.9248  Siess     
    1.880000      3.9257      1.0898      4.3100      3.9257  Siess     
    1.885000      3.9266      1.0946      4.3100      3.9266  Siess     
    1.890000      3.9276      1.0994      4.3100      3.9276  Siess     
    1.895000      3.9285      1.1042      4.3100      3.9285  Siess     
    1.900000      3.9295      1.1089      4.3100      3.9295  Siess     
    1.905000      3.9304      1.1136      4.3100      3.9304  Siess     
    1.910000      3.9313      1.1183      4.3100      3.9313  Siess     
    1.915000      3.9322      1.1229      4.3100      3.9322  Siess     
    1.920000      3.9330      1.1276      4.3100      3.9330  Siess     
    1.925000      3.9339      1.1322      4.3100      3.9339  Siess     
    1.930000      3.9348      1.1368      4.3100      3.9348  Siess     
    1.935000      3.9357      1.1414      4.3100      3.9357  Siess     
    1.940000      3.9366      1.1460      4.3100      3.9366  Siess     
    1.945000      3.9375      1.1506      4.3100      3.9375  Siess     
    1.950000      3.9383      1.1552      4.3100      3.9383  Siess     
    1.955000      3.9392      1.1597      4.3100      3.9392  Siess     
    1.960000      3.9401      1.1643      4.3100      3.9401  Siess     
    1.965000      3.9410      1.1688      4.3100      3.9410  Siess     
    1.970000      3.9418      1.1733      4.3100      3.9418  Siess     
    1.975000      3.9427      1.1779      4.3100      3.9427  Siess     
    1.980000      3.9435      1.1824      4.3100      3.9435  Siess     
    1.985000      3.9444      1.1868      4.3100      3.9444  Siess     
    1.990000      3.9453      1.1913      4.3100      3.9453  Siess     
    1.995000      3.9461      1.1958      4.3100      3.9461  Siess     
    2.000000      3.9470      1.2002      4.3100      3.9470  Siess     
    2.005000      3.9478      1.2047      4.3097      3.9478  Siess     
    2.010000      3.9486      1.2091      4.3095      3.9486  Siess     
    2.015000      3.9494      1.2134      4.3092      3.9494  Siess     
    2.020000      3.9501      1.2178      4.3090      3.9501  Siess     
    2.025000      3.9509      1.2222      4.3087      3.9509  Siess     
    2.030000      3.9517      1.2265      4.3084      3.9517  Siess     
    2.035000      3.9525      1.2309      4.3082      3.9525  Siess     
    2.040000      3.9533      1.2352      4.3079      3.9533  Siess     
    2.045000      3.9541      1.2395      4.3077      3.9541  Siess     
    2.050000      3.9548      1.2438      4.3074      3.9548  Siess     
    2.055000      3.9556      1.2481      4.3072      3.9556  Siess     
    2.060000      3.9564      1.2524      4.3069      3.9564  Siess     
    2.065000      3.9571      1.2567      4.3066      3.9571  Siess     
    2.070000      3.9579      1.2610      4.3064      3.9579  Siess     
    2.075000      3.9587      1.2652      4.3061      3.9587  Siess     
    2.080000      3.9594      1.2695      4.3059      3.9594  Siess     
    2.085000      3.9602      1.2737      4.3056      3.9602  Siess     
    2.090000      3.9610      1.2780      4.3054      3.9610  Siess     
    2.095000      3.9617      1.2822      4.3051      3.9617  Siess     
    2.100000      3.9625      1.2864      4.3049      3.9625  Siess     
    2.105000      3.9632      1.2906      4.3046      3.9632  Siess     
    2.110000      3.9640      1.2948      4.3044      3.9640  Siess     
    2.115000      3.9648      1.2990      4.3041      3.9648  Siess     
    2.120000      3.9655      1.3031      4.3039      3.9655  Siess     
    2.125000      3.9663      1.3073      4.3036      3.9663  Siess     
    2.130000      3.9670      1.3114      4.3034      3.9670  Siess     
    2.135000      3.9677      1.3156      4.3031      3.9677  Siess     
    2.140000      3.9685      1.3197      4.3029      3.9685  Siess     
    2.145000      3.9692      1.3238      4.3027      3.9692  Siess     
    2.150000      3.9700      1.3279      4.3024      3.9700  Siess     
    2.155000      3.9707      1.3320      4.3022      3.9707  Siess     
    2.160000      3.9715      1.3361      4.3019      3.9715  Siess     
    2.165000      3.9722      1.3402      4.3017      3.9722  Siess     
    2.170000      3.9729      1.3443      4.3014      3.9729  Siess     
    2.175000      3.9737      1.3484      4.3012      3.9737  Siess     
    2.180000      3.9744      1.3524      4.3010      3.9744  Siess     
    2.185000      3.9751      1.3565      4.3007      3.9751  Siess     
    2.190000      3.9758      1.3605      4.3005      3.9758  Siess     
    2.195000      3.9766      1.3645      4.3002      3.9766  Siess     
    2.200000      3.9773      1.3685      4.3000      3.9773  Siess     
    2.205000      3.9779      1.3725      4.2995      3.9779  Siess     
    2.210000      3.9786      1.3765      4.2991      3.9786  Siess     
    2.215000      3.9792      1.3805      4.2986      3.9792  Siess     
    2.220000      3.9798      1.3845      4.2982      3.9798  Siess     
    2.225000      3.9805      1.3884      4.2977      3.9805  Siess     
    2.230000      3.9811      1.3924      4.2973      3.9811  Siess     
    2.235000      3.9817      1.3963      4.2968      3.9817  Siess     
    2.240000      3.9823      1.4002      4.2963      3.9823  Siess     
    2.245000      3.9830      1.4042      4.2959      3.9830  Siess     
    2.250000      3.9836      1.4081      4.2954      3.9836  Siess     
    2.255000      3.9842      1.4120      4.2950      3.9842  Siess     
    2.260000      3.9848      1.4159      4.2945      3.9848  Siess     
    2.265000      3.9855      1.4198      4.2941      3.9855  Siess     
    2.270000      3.9861      1.4237      4.2937      3.9861  Siess     
    2.275000      3.9867      1.4275      4.2932      3.9867  Siess     
    2.280000      3.9873      1.4314      4.2928      3.9873  Siess     
    2.285000      3.9879      1.4352      4.2923      3.9879  Siess     
    2.290000      3.9885      1.4391      4.2919      3.9885  Siess     
    2.295000      3.9892      1.4429      4.2914      3.9892  Siess     
    2.300000      3.9898      1.4468      4.2910      3.9898  Siess     
    2.305000      3.9904      1.4506      4.2906      3.9904  Siess     
    2.310000      3.9910      1.4544      4.2901      3.9910  Siess     
    2.315000      3.9916      1.4582      4.2897      3.9916  Siess     
    2.320000      3.9922      1.4620      4.2892      3.9922  Siess     
    2.325000      3.9928      1.4658      4.2888      3.9928  Siess     
    2.330000      3.9934      1.4696      4.2884      3.9934  Siess     
    2.335000      3.9940      1.4733      4.2879      3.9940  Siess     
    2.340000      3.9946      1.4771      4.2875      3.9946  Siess     
    2.345000      3.9952      1.4809      4.2871      3.9952  Siess     
    2.350000      3.9958      1.4846      4.2866      3.9958  Siess     
    2.355000      3.9964      1.4883      4.2862      3.9964  Siess     
    2.360000      3.9970      1.4921      4.2858      3.9970  Siess     
    2.365000      3.9976      1.4958      4.2853      3.9976  Siess     
    2.370000      3.9982      1.4995      4.2849      3.9982  Siess     
    2.375000      3.9988      1.5032      4.2845      3.9988  Siess     
    2.380000      3.9994      1.5069      4.2841      3.9994  Siess     
    2.385000      4.0000      1.5106      4.2836      4.0000  Siess     
    2.390000      4.0005      1.5143      4.2832      4.0005  Siess     
    2.395000      4.0011      1.5180      4.2828      4.0011  Siess     
    2.400000      4.0017      1.5216      4.2824      4.0017  Siess     
    2.405000      4.0023      1.5253      4.2819      4.0023  Siess     
    2.410000      4.0029      1.5290      4.2815      4.0029  Siess     
    2.415000      4.0035      1.5326      4.2811      4.0035  Siess     
    2.420000      4.0040      1.5363      4.2807      4.0040  Siess     
    2.425000      4.0046      1.5399      4.2803      4.0046  Siess     
    2.430000      4.0052      1.5435      4.2798      4.0052  Siess     
    2.435000      4.0058      1.5471      4.2794      4.0058  Siess     
    2.440000      4.0064      1.5507      4.2790      4.0064  Siess     
    2.445000      4.0069      1.5543      4.2786      4.0069  Siess     
    2.450000      4.0075      1.5579      4.2782      4.0075  Siess     
    2.455000      4.0081      1.5615      4.2778      4.0081  Siess     
    2.460000      4.0087      1.5651      4.2774      4.0087  Siess     
    2.465000      4.0092      1.5687      4.2769      4.0092  Siess     
    2.470000      4.0098      1.5722      4.2765      4.0098  Siess     
    2.475000      4.0104      1.5758      4.2761      4.0104  Siess     
    2.480000      4.0109      1.5793      4.2757      4.0109  Siess     
    2.485000      4.0115      1.5829      4.2753      4.0115  Siess     
    2.490000      4.0121      1.5864      4.2749      4.0121  Siess     
    2.495000      4.0126      1.5900      4.2745      4.0126  Siess     
    2.500000      4.0132      1.5935      4.2741      4.0132  Siess     
    2.505000      4.0137      1.5970      4.2736      4.0137  Siess     
    2.510000      4.0143      1.6005      4.2730      4.0143  Siess     
    2.515000      4.0148      1.6041      4.2725      4.0148  Siess     
    2.520000      4.0154      1.6076      4.2720      4.0154  Siess     
    2.525000      4.0159      1.6111      4.2715      4.0159  Siess     
    2.530000      4.0164      1.6146      4.2710      4.0164  Siess     
    2.535000      4.0170      1.6181      4.2705      4.0170  Siess     
    2.540000      4.0175      1.6216      4.2699      4.0175  Siess     
    2.545000      4.0180      1.6250      4.2694      4.0180  Siess     
    2.550000      4.0186      1.6285      4.2689      4.0186  Siess     
    2.555000      4.0191      1.6320      4.2684      4.0191  Siess     
    2.560000      4.0196      1.6354      4.2679      4.0196  Siess     
    2.565000      4.0202      1.6389      4.2674      4.0202  Siess     
    2.570000      4.0207      1.6423      4.2669      4.0207  Siess     
    2.575000      4.0212      1.6458      4.2664      4.0212  Siess     
    2.580000      4.0218      1.6492      4.2659      4.0218  Siess     
    2.585000      4.0223      1.6526      4.2653      4.0223  Siess     
    2.590000      4.0228      1.6561      4.2648      4.0228  Siess     
    2.595000      4.0233      1.6595      4.2643      4.0233  Siess     
    2.600000      4.0239      1.6629      4.2638      4.0239  Siess     
    2.605000      4.0244      1.6663      4.2633      4.0244  Siess     
    2.610000      4.0249      1.6697      4.2628      4.0249  Siess     
    2.615000      4.0254      1.6731      4.2623      4.0254  Siess     
    2.620000      4.0259      1.6764      4.2618      4.0259  Siess     
    2.625000      4.0265      1.6798      4.2613      4.0265  Siess     
    2.630000      4.0270      1.6832      4.2608      4.0270  Siess     
    2.635000      4.0275      1.6865      4.2603      4.0275  Siess     
    2.640000      4.0280      1.6899      4.2598      4.0280  Siess     
    2.645000      4.0285      1.6932      4.2593      4.0285  Siess     
    2.650000      4.0290      1.6966      4.2589      4.0290  Siess     
    2.655000      4.0296      1.6999      4.2584      4.0296  Siess     
    2.660000      4.0301      1.7032      4.2579      4.0301  Siess     
    2.665000      4.0306      1.7066      4.2574      4.0306  Siess     
    2.670000      4.0311      1.7099      4.2569      4.0311  Siess     
    2.675000      4.0316      1.7132      4.2564      4.0316  Siess     
    2.680000      4.0321      1.7165      4.2559      4.0321  Siess     
    2.685000      4.0326      1.7198      4.2554      4.0326  Siess     
    2.690000      4.0331      1.7231      4.2549      4.0331  Siess     
    2.695000      4.0336      1.7264      4.2545      4.0336  Siess     
    2.700000      4.0341      1.7297      4.2540      4.0341  Siess     
    2.705000      4.0346      1.7329      4.2534      4.0346  Siess     
    2.710000      4.0350      1.7362      4.2528      4.0350  Siess     
    2.715000      4.0355      1.7395      4.2522      4.0355  Siess     
    2.720000      4.0360      1.7428      4.2517      4.0360  Siess     
    2.725000      4.0364      1.7461      4.2511      4.0364  Siess     
    2.730000      4.0369      1.7493      4.2505      4.0369  Siess     
    2.735000      4.0373      1.7526      4.2499      4.0373  Siess     
    2.740000      4.0378      1.7558      4.2494      4.0378  Siess     
    2.745000      4.0382      1.7591      4.2488      4.0382  Siess     
    2.750000      4.0387      1.7623      4.2482      4.0387  Siess     
    2.755000      4.0391      1.7656      4.2477      4.0391  Siess     
    2.760000      4.0396      1.7688      4.2471      4.0396  Siess     
    2.765000      4.0401      1.7720      4.2465      4.0401  Siess     
    2.770000      4.0405      1.7752      4.2460      4.0405  Siess     
    2.775000      4.0409      1.7784      4.2454      4.0409  Siess     
    2.780000      4.0414      1.7816      4.2448      4.0414  Siess     
    2.785000      4.0418      1.7848      4.2443      4.0418  Siess     
    2.790000      4.0423      1.7880      4.2437      4.0423  Siess     
    2.795000      4.0427      1.7912      4.2431      4.0427  Siess     
    2.800000      4.0432      1.7944      4.2426      4.0432  Siess     
    2.805000      4.0436      1.7976      4.2420      4.0436  Siess     
    2.810000      4.0441      1.8007      4.2415      4.0441  Siess     
    2.815000      4.0445      1.8039      4.2409      4.0445  Siess     
    2.820000      4.0450      1.8071      4.2403      4.0450  Siess     
    2.825000      4.0454      1.8102      4.2398      4.0454  Siess     
    2.830000      4.0458      1.8134      4.2392      4.0458  Siess     
    2.835000      4.0463      1.8165      4.2387      4.0463  Siess     
    2.840000      4.0467      1.8196      4.2381      4.0467  Siess     
    2.845000      4.0472      1.8228      4.2376      4.0472  Siess     
    2.850000      4.0476      1.8259      4.2370      4.0476  Siess     
    2.855000      4.0480      1.8290      4.2365      4.0480  Siess     
    2.860000      4.0485      1.8321      4.2359      4.0485  Siess     
    2.865000      4.0489      1.8352      4.2354      4.0489  Siess     
    2.870000      4.0493      1.8383      4.2348      4.0493  Siess     
    2.875000      4.0498      1.8414      4.2343      4.0498  Siess     
    2.880000      4.0502      1.8445      4.2338      4.0502  Siess     
    2.885000      4.0506      1.8476      4.2332      4.0506  Siess     
    2.890000      4.0511      1.8507      4.2327      4.0511  Siess     
    2.895000      4.0515      1.8538      4.2321      4.0515  Siess     
    2.900000      4.0519      1.8569      4.2316      4.0519  Siess     
    2.905000      4.0523      1.8599      4.2310      4.0523  Siess     
    2.910000      4.0528      1.8630      4.2305      4.0528  Siess     
    2.915000      4.0532      1.8660      4.2300      4.0532  Siess     
    2.920000      4.0536      1.8691      4.2294      4.0536  Siess     
    2.925000      4.0541      1.8721      4.2289      4.0541  Siess     
    2.930000      4.0545      1.8752      4.2284      4.0545  Siess     
    2.935000      4.0549      1.8782      4.2278      4.0549  Siess     
    2.940000      4.0553      1.8812      4.2273      4.0553  Siess     
    2.945000      4.0557      1.8843      4.2268      4.0557  Siess     
    2.950000      4.0562      1.8873      4.2262      4.0562  Siess     
    2.955000      4.0566      1.8903      4.2257      4.0566  Siess     
    2.960000      4.0570      1.8933      4.2252      4.0570  Siess     
    2.965000      4.0574      1.8963      4.2246      4.0574  Siess     
    2.970000      4.0579      1.8993      4.2241      4.0579  Siess     
    2.975000      4.0583      1.9023      4.2236      4.0583  Siess     
    2.980000      4.0587      1.9053      4.2231      4.0587  Siess     
    2.985000      4.0591      1.9083      4.2225      4.0591  Siess     
    2.990000      4.0595      1.9113      4.2220      4.0595  Siess     
    2.995000      4.0599      1.9142      4.2215      4.0599  Siess     
    3.000000      4.0604      1.9172      4.2210      4.0604  Siess     
    3.005000      4.0607      1.9202      4.2203      4.0607  Siess     
    3.010000      4.0611      1.9233      4.2196      4.0611  Siess     
    3.015000      4.0615      1.9263      4.2190      4.0615  Siess     
    3.020000      4.0618      1.9293      4.2183      4.0618  Siess     
    3.025000      4.0622      1.9323      4.2176      4.0622  Siess     
    3.030000      4.0625      1.9353      4.2170      4.0625  Siess     
    3.035000      4.0629      1.9383      4.2163      4.0629  Siess     
    3.040000      4.0633      1.9413      4.2156      4.0633  Siess     
    3.045000      4.0636      1.9443      4.2150      4.0636  Siess     
    3.050000      4.0640      1.9473      4.2143      4.0640  Siess     
    3.055000      4.0644      1.9503      4.2136      4.0644  Siess     
    3.060000      4.0647      1.9532      4.2130      4.0647  Siess     
    3.065000      4.0651      1.9562      4.2123      4.0651  Siess     
    3.070000      4.0654      1.9592      4.2117      4.0654  Siess     
    3.075000      4.0658      1.9621      4.2110      4.0658  Siess     
    3.080000      4.0661      1.9651      4.2104      4.0661  Siess     
    3.085000      4.0665      1.9680      4.2097      4.0665  Siess     
    3.090000      4.0669      1.9710      4.2091      4.0669  Siess     
    3.095000      4.0672      1.9739      4.2084      4.0672  Siess     
    3.100000      4.0676      1.9769      4.2078      4.0676  Siess     
    3.105000      4.0679      1.9798      4.2071      4.0679  Siess     
    3.110000      4.0683      1.9827      4.2065      4.0683  Siess     
    3.115000      4.0686      1.9857      4.2058      4.0686  Siess     
    3.120000      4.0690      1.9886      4.2052      4.0690  Siess     
    3.125000      4.0693      1.9915      4.2045      4.0693  Siess     
    3.130000      4.0697      1.9944      4.2039      4.0697  Siess     
    3.135000      4.0700      1.9973      4.2032      4.0700  Siess     
    3.140000      4.0704      2.0002      4.2026      4.0704  Siess     
    3.145000      4.0707      2.0031      4.2019      4.0707  Siess     
    3.150000      4.0711      2.0060      4.2013      4.0711  Siess     
    3.155000      4.0714      2.0089      4.2007      4.0714  Siess     
    3.160000      4.0718      2.0118      4.2000      4.0718  Siess     
    3.165000      4.0721      2.0146      4.1994      4.0721  Siess     
    3.170000      4.0725      2.0175      4.1988      4.0725  Siess     
    3.175000      4.0728      2.0204      4.1981      4.0728  Siess     
    3.180000      4.0732      2.0232      4.1975      4.0732  Siess     
    3.185000      4.0735      2.0261      4.1968      4.0735  Siess     
    3.190000      4.0739      2.0290      4.1962      4.0739  Siess     
    3.195000      4.0742      2.0318      4.1956      4.0742  Siess     
    3.200000      4.0745      2.0347      4.1950      4.0745  Siess     
    3.205000      4.0749      2.0375      4.1943      4.0749  Siess     
    3.210000      4.0752      2.0403      4.1937      4.0752  Siess     
    3.215000      4.0756      2.0432      4.1931      4.0756  Siess     
    3.220000      4.0759      2.0460      4.1924      4.0759  Siess     
    3.225000      4.0763      2.0488      4.1918      4.0763  Siess     
    3.230000      4.0766      2.0516      4.1912      4.0766  Siess     
    3.235000      4.0769      2.0545      4.1906      4.0769  Siess     
    3.240000      4.0773      2.0573      4.1899      4.0773  Siess     
    3.245000      4.0776      2.0601      4.1893      4.0776  Siess     
    3.250000      4.0780      2.0629      4.1887      4.0780  Siess     
    3.255000      4.0783      2.0657      4.1881      4.0783  Siess     
    3.260000      4.0786      2.0685      4.1875      4.0786  Siess     
    3.265000      4.0790      2.0713      4.1868      4.0790  Siess     
    3.270000      4.0793      2.0740      4.1862      4.0793  Siess     
    3.275000      4.0796      2.0768      4.1856      4.0796  Siess     
    3.280000      4.0800      2.0796      4.1850      4.0800  Siess     
    3.285000      4.0803      2.0824      4.1844      4.0803  Siess     
    3.290000      4.0806      2.0851      4.1838      4.0806  Siess     
    3.295000      4.0810      2.0879      4.1832      4.0810  Siess     
    3.300000      4.0813      2.0907      4.1826      4.0813  Siess     
    3.305000      4.0816      2.0934      4.1819      4.0816  Siess     
    3.310000      4.0820      2.0962      4.1813      4.0820  Siess     
    3.315000      4.0823      2.0989      4.1807      4.0823  Siess     
    3.320000      4.0826      2.1017      4.1801      4.0826  Siess     
    3.325000      4.0830      2.1044      4.1795      4.0830  Siess     
    3.330000      4.0833      2.1071      4.1789      4.0833  Siess     
    3.335000      4.0836      2.1099      4.1783      4.0836  Siess     
    3.340000      4.0840      2.1126      4.1777      4.0840  Siess     
    3.345000      4.0843      2.1153      4.1771      4.0843  Siess     
    3.350000      4.0846      2.1180      4.1765      4.0846  Siess     
    3.355000      4.0849      2.1207      4.1759      4.0849  Siess     
    3.360000      4.0853      2.1234      4.1753      4.0853  Siess     
    3.365000      4.0856      2.1262      4.1747      4.0856  Siess     
    3.370000      4.0859      2.1289      4.1741      4.0859  Siess     
    3.375000      4.0863      2.1316      4.1735      4.0863  Siess     
    3.380000      4.0866      2.1342      4.1729      4.0866  Siess     
    3.385000      4.0869      2.1369      4.1723      4.0869  Siess     
    3.390000      4.0872      2.1396      4.1717      4.0872  Siess     
    3.395000      4.0876      2.1423      4.1711      4.0876  Siess     
    3.400000      4.0879      2.1450      4.1705      4.0879  Siess     
    3.405000      4.0882      2.1477      4.1699      4.0882  Siess     
    3.410000      4.0885      2.1503      4.1693      4.0885  Siess     
    3.415000      4.0888      2.1530      4.1687      4.0888  Siess     
    3.420000      4.0892      2.1557      4.1682      4.0892  Siess     
    3.425000      4.0895      2.1583      4.1676      4.0895  Siess     
    3.430000      4.0898      2.1610      4.1670      4.0898  Siess     
    3.435000      4.0901      2.1636      4.1664      4.0901  Siess     
    3.440000      4.0905      2.1663      4.1658      4.0905  Siess     
    3.445000      4.0908      2.1689      4.1652      4.0908  Siess     
    3.450000      4.0911      2.1716      4.1646      4.0911  Siess     
    3.455000      4.0914      2.1742      4.1640      4.0914  Siess     
    3.460000      4.0917      2.1768      4.1635      4.0917  Siess     
    3.465000      4.0920      2.1794      4.1629      4.0920  Siess     
    3.470000      4.0924      2.1821      4.1623      4.0924  Siess     
    3.475000      4.0927      2.1847      4.1617      4.0927  Siess     
    3.480000      4.0930      2.1873      4.1611      4.0930  Siess     
    3.485000      4.0933      2.1899      4.1606      4.0933  Siess     
    3.490000      4.0936      2.1925      4.1600      4.0936  Siess     
    3.495000      4.0939      2.1951      4.1594      4.0939  Siess     
    3.500000      4.0943      2.1977      4.1588      4.0943  Siess     
    3.505000      4.0946      2.2004      4.1580      4.0946  Siess     
    3.510000      4.0949      2.2030      4.1572      4.0949  Siess     
    3.515000      4.0952      2.2057      4.1564      4.0952  Siess     
    3.520000      4.0955      2.2083      4.1555      4.0955  Siess     
    3.525000      4.0958      2.2109      4.1547      4.0958  Siess     
    3.530000      4.0960      2.2135      4.1539      4.0960  Siess     
    3.535000      4.0963      2.2162      4.1531      4.0963  Siess     
    3.540000      4.0966      2.2188      4.1523      4.0966  Siess     
    3.545000      4.0969      2.2214      4.1515      4.0969  Siess     
    3.550000      4.0972      2.2240      4.1506      4.0972  Siess     
    3.555000      4.0975      2.2266      4.1498      4.0975  Siess     
    3.560000      4.0978      2.2292      4.1490      4.0978  Siess     
    3.565000      4.0981      2.2318      4.1482      4.0981  Siess     
    3.570000      4.0984      2.2344      4.1474      4.0984  Siess     
    3.575000      4.0987      2.2370      4.1466      4.0987  Siess     
    3.580000      4.0990      2.2396      4.1458      4.0990  Siess     
    3.585000      4.0993      2.2422      4.1450      4.0993  Siess     
    3.590000      4.0996      2.2447      4.1442      4.0996  Siess     
    3.595000      4.0999      2.2473      4.1434      4.0999  Siess     
    3.600000      4.1002      2.2499      4.1426      4.1002  Siess     
    3.605000      4.1005      2.2525      4.1418      4.1005  Siess     
    3.610000      4.1008      2.2550      4.1410      4.1008  Siess     
    3.615000      4.1011      2.2576      4.1402      4.1011  Siess     
    3.620000      4.1013      2.2601      4.1394      4.1013  Siess     
    3.625000      4.1016      2.2627      4.1386      4.1016  Siess     
    3.630000      4.1019      2.2653      4.1378      4.1019  Siess     
    3.635000      4.1022      2.2678      4.1370      4.1022  Siess     
    3.640000      4.1025      2.2703      4.1362      4.1025  Siess     
    3.645000      4.1028      2.2729      4.1354      4.1028  Siess     
    3.650000      4.1031      2.2754      4.1346      4.1031  Siess     
    3.655000      4.1034      2.2780      4.1338      4.1034  Siess     
    3.660000      4.1037      2.2805      4.1330      4.1037  Siess     
    3.665000      4.1039      2.2830      4.1322      4.1039  Siess     
    3.670000      4.1042      2.2855      4.1314      4.1042  Siess     
    3.675000      4.1045      2.2881      4.1306      4.1045  Siess     
    3.680000      4.1048      2.2906      4.1299      4.1048  Siess     
    3.685000      4.1051      2.2931      4.1291      4.1051  Siess     
    3.690000      4.1054      2.2956      4.1283      4.1054  Siess     
    3.695000      4.1057      2.2981      4.1275      4.1057  Siess     
    3.700000      4.1059      2.3006      4.1267      4.1059  Siess     
    3.705000      4.1062      2.3031      4.1260      4.1062  Siess     
    3.710000      4.1065      2.3056      4.1252      4.1065  Siess     
    3.715000      4.1068      2.3081      4.1244      4.1068  Siess     
    3.720000      4.1071      2.3106      4.1236      4.1071  Siess     
    3.725000      4.1074      2.3131      4.1228      4.1074  Siess     
    3.730000      4.1076      2.3156      4.1221      4.1076  Siess     
    3.735000      4.1079      2.3180      4.1213      4.1079  Siess     
    3.740000      4.1082      2.3205      4.1205      4.1082  Siess     
    3.745000      4.1085      2.3230      4.1198      4.1085  Siess     
    3.750000      4.1088      2.3255      4.1190      4.1088  Siess     
    3.755000      4.1090      2.3279      4.1182      4.1090  Siess     
    3.760000      4.1093      2.3304      4.1174      4.1093  Siess     
    3.765000      4.1096      2.3329      4.1167      4.1096  Siess     
    3.770000      4.1099      2.3353      4.1159      4.1099  Siess     
    3.775000      4.1102      2.3378      4.1151      4.1102  Siess     
    3.780000      4.1104      2.3402      4.1144      4.1104  Siess     
    3.785000      4.1107      2.3427      4.1136      4.1107  Siess     
    3.790000      4.1110      2.3451      4.1129      4.1110  Siess     
    3.795000      4.1113      2.3475      4.1121      4.1113  Siess     
    3.800000      4.1115      2.3500      4.1113      4.1115  Siess     
    3.805000      4.1118      2.3524      4.1106      4.1118  Siess     
    3.810000      4.1121      2.3549      4.1098      4.1121  Siess     
    3.815000      4.1124      2.3573      4.1091      4.1124  Siess     
    3.820000      4.1127      2.3597      4.1083      4.1127  Siess     
    3.825000      4.1129      2.3621      4.1075      4.1129  Siess     
    3.830000      4.1132      2.3645      4.1068      4.1132  Siess     
    3.835000      4.1135      2.3670      4.1060      4.1135  Siess     
    3.840000      4.1137      2.3694      4.1053      4.1137  Siess     
    3.845000      4.1140      2.3718      4.1045      4.1140  Siess     
    3.850000      4.1143      2.3742      4.1038      4.1143  Siess     
    3.855000      4.1146      2.3766      4.1030      4.1146  Siess     
    3.860000      4.1148      2.3790      4.1023      4.1148  Siess     
    3.865000      4.1151      2.3814      4.1015      4.1151  Siess     
    3.870000      4.1154      2.3838      4.1008      4.1154  Siess     
    3.875000      4.1157      2.3862      4.1000      4.1157  Siess     
    3.880000      4.1159      2.3886      4.0993      4.1159  Siess     
    3.885000      4.1162      2.3909      4.0986      4.1162  Siess     
    3.890000      4.1165      2.3933      4.0978      4.1165  Siess     
    3.895000      4.1167      2.3957      4.0971      4.1167  Siess     
    3.900000      4.1170      2.3981      4.0963      4.1170  Siess     
    3.905000      4.1173      2.4004      4.0956      4.1173  Siess     
    3.910000      4.1175      2.4028      4.0948      4.1175  Siess     
    3.915000      4.1178      2.4052      4.0941      4.1178  Siess     
    3.920000      4.1181      2.4075      4.0934      4.1181  Siess     
    3.925000      4.1184      2.4099      4.0926      4.1184  Siess     
    3.930000      4.1186      2.4123      4.0919      4.1186  Siess     
    3.935000      4.1189      2.4146      4.0912      4.1189  Siess     
    3.940000      4.1192      2.4170      4.0904      4.1192  Siess     
    3.945000      4.1194      2.4193      4.0897      4.1194  Siess     
    3.950000      4.1197      2.4217      4.0890      4.1197  Siess     
    3.955000      4.1200      2.4240      4.0882      4.1200  Siess     
    3.960000      4.1202      2.4263      4.0875      4.1202  Siess     
    3.965000      4.1205      2.4287      4.0868      4.1205  Siess     
    3.970000      4.1208      2.4310      4.0860      4.1208  Siess     
    3.975000      4.1210      2.4333      4.0853      4.1210  Siess     
    3.980000      4.1213      2.4357      4.0846      4.1213  Siess     
    3.985000      4.1215      2.4380      4.0839      4.1215  Siess     
    3.990000      4.1218      2.4403      4.0831      4.1218  Siess     
    3.995000      4.1221      2.4426      4.0824      4.1221  Siess     
    4.000000      4.1223      2.4449      4.0817      4.1223  Siess     
    4.005000      4.1224      2.4476      4.0799      4.1224  Siess     
    4.010000      4.1225      2.4502      4.0781      4.1225  Siess     
    4.015000      4.1225      2.4528      4.0763      4.1225  Siess     
    4.020000      4.1226      2.4554      4.0745      4.1226  Siess     
    4.025000      4.1226      2.4579      4.0727      4.1226  Siess     
    4.030000      4.1227      2.4605      4.0709      4.1227  Siess     
    4.035000      4.1227      2.4631      4.0691      4.1227  Siess     
    4.040000      4.1228      2.4657      4.0673      4.1228  Siess     
    4.045000      4.1229      2.4683      4.0655      4.1229  Siess     
    4.050000      4.1229      2.4709      4.0637      4.1229  Siess     
    4.055000      4.1230      2.4734      4.0620      4.1230  Siess     
    4.060000      4.1230      2.4760      4.0602      4.1230  Siess     
    4.065000      4.1231      2.4786      4.0584      4.1231  Siess     
    4.070000      4.1232      2.4811      4.0566      4.1232  Siess     
    4.075000      4.1232      2.4837      4.0549      4.1232  Siess     
    4.080000      4.1233      2.4863      4.0531      4.1233  Siess     
    4.085000      4.1233      2.4888      4.0513      4.1233  Siess     
    4.090000      4.1234      2.4914      4.0495      4.1234  Siess     
    4.095000      4.1234      2.4939      4.0478      4.1234  Siess     
    4.100000      4.1235      2.4965      4.0460      4.1235  Siess     
    4.105000      4.1236      2.4990      4.0443      4.1236  Siess     
    4.110000      4.1236      2.5015      4.0425      4.1236  Siess     
    4.115000      4.1237      2.5041      4.0407      4.1237  Siess     
    4.120000      4.1237      2.5066      4.0390      4.1237  Siess     
    4.125000      4.1238      2.5091      4.0372      4.1238  Siess     
    4.130000      4.1238      2.5117      4.0355      4.1238  Siess     
    4.135000      4.1239      2.5142      4.0337      4.1239  Siess     
    4.140000      4.1240      2.5167      4.0320      4.1240  Siess     
    4.145000      4.1240      2.5192      4.0302      4.1240  Siess     
    4.150000      4.1241      2.5218      4.0285      4.1241  Siess     
    4.155000      4.1241      2.5243      4.0268      4.1241  Siess     
    4.160000      4.1242      2.5268      4.0250      4.1242  Siess     
    4.165000      4.1242      2.5293      4.0233      4.1242  Siess     
    4.170000      4.1243      2.5318      4.0216      4.1243  Siess     
    4.175000      4.1244      2.5343      4.0198      4.1244  Siess     
    4.180000      4.1244      2.5368      4.0181      4.1244  Siess     
    4.185000      4.1245      2.5393      4.0164      4.1245  Siess     
    4.190000      4.1245      2.5418      4.0146      4.1245  Siess     
    4.195000      4.1246      2.5443      4.0129      4.1246  Siess     
    4.200000      4.1246      2.5467      4.0112      4.1246  Siess     
    4.205000      4.1247      2.5492      4.0095      4.1247  Siess     
    4.210000      4.1247      2.5517      4.0078      4.1247  Siess     
    4.215000      4.1248      2.5542      4.0060      4.1248  Siess     
    4.220000      4.1249      2.5567      4.0043      4.1249  Siess     
    4.225000      4.1249      2.5591      4.0026      4.1249  Siess     
    4.230000      4.1250      2.5616      4.0009      4.1250  Siess     
    4.235000      4.1250      2.5641      3.9992      4.1250  Siess     
    4.240000      4.1251      2.5665      3.9975      4.1251  Siess     
    4.245000      4.1251      2.5690      3.9958      4.1251  Siess     
    4.250000      4.1252      2.5714      3.9941      4.1252  Siess     
    4.255000      4.1253      2.5739      3.9924      4.1253  Siess     
    4.260000      4.1253      2.5763      3.9907      4.1253  Siess     
    4.265000      4.1254      2.5788      3.9890      4.1254  Siess     
    4.270000      4.1254      2.5812      3.9873      4.1254  Siess     
    4.275000      4.1255      2.5837      3.9856      4.1255  Siess     
    4.280000      4.1255      2.5861      3.9839      4.1255  Siess     
    4.285000      4.1256      2.5886      3.9822      4.1256  Siess     
    4.290000      4.1256      2.5910      3.9806      4.1256  Siess     
    4.295000      4.1257      2.5934      3.9789      4.1257  Siess     
    4.300000      4.1257      2.5958      3.9772      4.1257  Siess     
    4.305000      4.1258      2.5983      3.9755      4.1258  Siess     
    4.310000      4.1259      2.6007      3.9738      4.1259  Siess     
    4.315000      4.1259      2.6031      3.9722      4.1259  Siess     
    4.320000      4.1260      2.6055      3.9705      4.1260  Siess     
    4.325000      4.1260      2.6079      3.9688      4.1260  Siess     
    4.330000      4.1261      2.6103      3.9671      4.1261  Siess     
    4.335000      4.1261      2.6128      3.9655      4.1261  Siess     
    4.340000      4.1262      2.6152      3.9638      4.1262  Siess     
    4.345000      4.1262      2.6176      3.9622      4.1262  Siess     
    4.350000      4.1263      2.6200      3.9605      4.1263  Siess     
    4.355000      4.1263      2.6224      3.9588      4.1263  Siess     
    4.360000      4.1264      2.6248      3.9572      4.1264  Siess     
    4.365000      4.1265      2.6271      3.9555      4.1265  Siess     
    4.370000      4.1265      2.6295      3.9539      4.1265  Siess     
    4.375000      4.1266      2.6319      3.9522      4.1266  Siess     
    4.380000      4.1266      2.6343      3.9506      4.1266  Siess     
    4.385000      4.1267      2.6367      3.9489      4.1267  Siess     
    4.390000      4.1267      2.6391      3.9473      4.1267  Siess     
    4.395000      4.1268      2.6414      3.9456      4.1268  Siess     
    4.400000      4.1268      2.6438      3.9440      4.1268  Siess     
    4.405000      4.1269      2.6462      3.9423      4.1269  Siess     
    4.410000      4.1269      2.6485      3.9407      4.1269  Siess     
    4.415000      4.1270      2.6509      3.9391      4.1270  Siess     
    4.420000      4.1270      2.6533      3.9374      4.1270  Siess     
    4.425000      4.1271      2.6556      3.9358      4.1271  Siess     
    4.430000      4.1272      2.6580      3.9342      4.1272  Siess     
    4.435000      4.1272      2.6603      3.9325      4.1272  Siess     
    4.440000      4.1273      2.6627      3.9309      4.1273  Siess     
    4.445000      4.1273      2.6650      3.9293      4.1273  Siess     
    4.450000      4.1274      2.6674      3.9276      4.1274  Siess     
    4.455000      4.1274      2.6697      3.9260      4.1274  Siess     
    4.460000      4.1275      2.6721      3.9244      4.1275  Siess     
    4.465000      4.1275      2.6744      3.9228      4.1275  Siess     
    4.470000      4.1276      2.6767      3.9212      4.1276  Siess     
    4.475000      4.1276      2.6791      3.9195      4.1276  Siess     
    4.480000      4.1277      2.6814      3.9179      4.1277  Siess     
    4.485000      4.1277      2.6837      3.9163      4.1277  Siess     
    4.490000      4.1278      2.6861      3.9147      4.1278  Siess     
    4.495000      4.1278      2.6884      3.9131      4.1278  Siess     
    4.500000      4.1279      2.6907      3.9115      4.1279  Siess     
    4.505000      4.1279      2.6930      3.9099      4.1279  Siess     
    4.510000      4.1280      2.6953      3.9083      4.1280  Siess     
    4.515000      4.1281      2.6976      3.9067      4.1281  Siess     
    4.520000      4.1281      2.7000      3.9051      4.1281  Siess     
    4.525000      4.1282      2.7023      3.9035      4.1282  Siess     
    4.530000      4.1282      2.7046      3.9019      4.1282  Siess     
    4.535000      4.1283      2.7069      3.9003      4.1283  Siess     
    4.540000      4.1283      2.7092      3.8987      4.1283  Siess     
    4.545000      4.1284      2.7115      3.8971      4.1284  Siess     
    4.550000      4.1284      2.7138      3.8955      4.1284  Siess     
    4.555000      4.1285      2.7160      3.8939      4.1285  Siess     
    4.560000      4.1285      2.7183      3.8924      4.1285  Siess     
    4.565000      4.1286      2.7206      3.8908      4.1286  Siess     
    4.570000      4.1286      2.7229      3.8892      4.1286  Siess     
    4.575000      4.1287      2.7252      3.8876      4.1287  Siess     
    4.580000      4.1287      2.7275      3.8860      4.1287  Siess     
    4.585000      4.1288      2.7297      3.8845      4.1288  Siess     
    4.590000      4.1288      2.7320      3.8829      4.1288  Siess     
    4.595000      4.1289      2.7343      3.8813      4.1289  Siess     
    4.600000      4.1289      2.7366      3.8797      4.1289  Siess     
    4.605000      4.1290      2.7388      3.8782      4.1290  Siess     
    4.610000      4.1290      2.7411      3.8766      4.1290  Siess     
    4.615000      4.1291      2.7434      3.8750      4.1291  Siess     
    4.620000      4.1291      2.7456      3.8735      4.1291  Siess     
    4.625000      4.1292      2.7479      3.8719      4.1292  Siess     
    4.630000      4.1292      2.7501      3.8703      4.1292  Siess     
    4.635000      4.1293      2.7524      3.8688      4.1293  Siess     
    4.640000      4.1293      2.7546      3.8672      4.1293  Siess     
    4.645000      4.1294      2.7569      3.8657      4.1294  Siess     
    4.650000      4.1294      2.7591      3.8641      4.1294  Siess     
    4.655000      4.1295      2.7614      3.8626      4.1295  Siess     
    4.660000      4.1295      2.7636      3.8610      4.1295  Siess     
    4.665000      4.1296      2.7658      3.8595      4.1296  Siess     
    4.670000      4.1296      2.7681      3.8579      4.1296  Siess     
    4.675000      4.1297      2.7703      3.8564      4.1297  Siess     
    4.680000      4.1297      2.7725      3.8548      4.1297  Siess     
    4.685000      4.1298      2.7748      3.8533      4.1298  Siess     
    4.690000      4.1298      2.7770      3.8517      4.1298  Siess     
    4.695000      4.1299      2.7792      3.8502      4.1299  Siess     
    4.700000      4.1299      2.7814      3.8487      4.1299  Siess     
    4.705000      4.1300      2.7837      3.8471      4.1300  Siess     
    4.710000      4.1300      2.7859      3.8456      4.1300  Siess     
    4.715000      4.1301      2.7881      3.8441      4.1301  Siess     
    4.720000      4.1301      2.7903      3.8425      4.1301  Siess     
    4.725000      4.1302      2.7925      3.8410      4.1302  Siess     
    4.730000      4.1302      2.7947      3.8395      4.1302  Siess     
    4.735000      4.1303      2.7969      3.8379      4.1303  Siess     
    4.740000      4.1303      2.7991      3.8364      4.1303  Siess     
    4.745000      4.1304      2.8013      3.8349      4.1304  Siess     
    4.750000      4.1304      2.8035      3.8334      4.1304  Siess     
    4.755000      4.1305      2.8057      3.8318      4.1305  Siess     
    4.760000      4.1305      2.8079      3.8303      4.1305  Siess     
    4.765000      4.1306      2.8101      3.8288      4.1306  Siess     
    4.770000      4.1306      2.8123      3.8273      4.1306  Siess     
    4.775000      4.1307      2.8145      3.8258      4.1307  Siess     
    4.780000      4.1307      2.8166      3.8243      4.1307  Siess     
    4.785000      4.1308      2.8188      3.8228      4.1308  Siess     
    4.790000      4.1308      2.8210      3.8213      4.1308  Siess     
    4.795000      4.1309      2.8232      3.8197      4.1309  Siess     
    4.800000      4.1309      2.8254      3.8182      4.1309  Siess     
    4.805000      4.1310      2.8275      3.8167      4.1310  Siess     
    4.810000      4.1310      2.8297      3.8152      4.1310  Siess     
    4.815000      4.1311      2.8319      3.8137      4.1311  Siess     
    4.820000      4.1311      2.8340      3.8122      4.1311  Siess     
    4.825000      4.1312      2.8362      3.8107      4.1312  Siess     
    4.830000      4.1312      2.8384      3.8092      4.1312  Siess     
    4.835000      4.1313      2.8405      3.8077      4.1313  Siess     
    4.840000      4.1313      2.8427      3.8062      4.1313  Siess     
    4.845000      4.1314      2.8448      3.8048      4.1314  Siess     
    4.850000      4.1314      2.8470      3.8033      4.1314  Siess     
    4.855000      4.1315      2.8491      3.8018      4.1315  Siess     
    4.860000      4.1315      2.8513      3.8003      4.1315  Siess     
    4.865000      4.1316      2.8534      3.7988      4.1316  Siess     
    4.870000      4.1316      2.8556      3.7973      4.1316  Siess     
    4.875000      4.1317      2.8577      3.7958      4.1317  Siess     
    4.880000      4.1317      2.8599      3.7944      4.1317  Siess     
    4.885000      4.1318      2.8620      3.7929      4.1318  Siess     
    4.890000      4.1318      2.8641      3.7914      4.1318  Siess     
    4.895000      4.1319      2.8663      3.7899      4.1319  Siess     
    4.900000      4.1319      2.8684      3.7884      4.1319  Siess     
    4.905000      4.1320      2.8705      3.7870      4.1320  Siess     
    4.910000      4.1320      2.8726      3.7855      4.1320  Siess     
    4.915000      4.1321      2.8748      3.7840      4.1321  Siess     
    4.920000      4.1321      2.8769      3.7826      4.1321  Siess     
    4.925000      4.1322      2.8790      3.7811      4.1322  Siess     
    4.930000      4.1322      2.8811      3.7796      4.1322  Siess     
    4.935000      4.1322      2.8832      3.7782      4.1322  Siess     
    4.940000      4.1323      2.8853      3.7767      4.1323  Siess     
    4.945000      4.1323      2.8875      3.7752      4.1323  Siess     
    4.950000      4.1324      2.8896      3.7738      4.1324  Siess     
    4.955000      4.1324      2.8917      3.7723      4.1324  Siess     
    4.960000      4.1325      2.8938      3.7709      4.1325  Siess     
    4.965000      4.1325      2.8959      3.7694      4.1325  Siess     
    4.970000      4.1326      2.8980      3.7679      4.1326  Siess     
    4.975000      4.1326      2.9001      3.7665      4.1326  Siess     
    4.980000      4.1327      2.9022      3.7650      4.1327  Siess     
    4.985000      4.1327      2.9043      3.7636      4.1327  Siess     
    4.990000      4.1328      2.9064      3.7621      4.1328  Siess     
    4.995000      4.1328      2.9085      3.7607      4.1328  Siess     
    5.000000      4.1329      2.9105      3.7592      4.1329  Siess     
    5.005000      4.1332      2.9128      3.7584      4.1332  Siess     
    5.010000      4.1335      2.9150      3.7576      4.1335  Siess     
    5.015000      4.1338      2.9172      3.7568      4.1338  Siess     
    5.020000      4.1341      2.9194      3.7560      4.1341  Siess     
    5.025000      4.1344      2.9217      3.7552      4.1344  Siess     
    5.030000      4.1347      2.9239      3.7544      4.1347  Siess     
    5.035000      4.1350      2.9261      3.7535      4.1350  Siess     
    5.040000      4.1353      2.9283      3.7527      4.1353  Siess     
    5.045000      4.1356      2.9305      3.7519      4.1356  Siess     
    5.050000      4.1359      2.9327      3.7511      4.1359  Siess     
    5.055000      4.1362      2.9349      3.7503      4.1362  Siess     
    5.060000      4.1365      2.9371      3.7495      4.1365  Siess     
    5.065000      4.1368      2.9393      3.7487      4.1368  Siess     
    5.070000      4.1371      2.9415      3.7479      4.1371  Siess     
    5.075000      4.1374      2.9437      3.7471      4.1374  Siess     
    5.080000      4.1377      2.9459      3.7463      4.1377  Siess     
    5.085000      4.1380      2.9481      3.7455      4.1380  Siess     
    5.090000      4.1383      2.9503      3.7446      4.1383  Siess     
    5.095000      4.1386      2.9525      3.7438      4.1386  Siess     
    5.100000      4.1389      2.9547      3.7430      4.1389  Siess     
    5.105000      4.1392      2.9569      3.7422      4.1392  Siess     
    5.110000      4.1395      2.9591      3.7414      4.1395  Siess     
    5.115000      4.1398      2.9612      3.7406      4.1398  Siess     
    5.120000      4.1401      2.9634      3.7398      4.1401  Siess     
    5.125000      4.1404      2.9656      3.7390      4.1404  Siess     
    5.130000      4.1407      2.9678      3.7382      4.1407  Siess     
    5.135000      4.1409      2.9699      3.7374      4.1409  Siess     
    5.140000      4.1412      2.9721      3.7366      4.1412  Siess     
    5.145000      4.1415      2.9743      3.7358      4.1415  Siess     
    5.150000      4.1418      2.9764      3.7351      4.1418  Siess     
    5.155000      4.1421      2.9786      3.7343      4.1421  Siess     
    5.160000      4.1424      2.9808      3.7335      4.1424  Siess     
    5.165000      4.1427      2.9829      3.7327      4.1427  Siess     
    5.170000      4.1430      2.9851      3.7319      4.1430  Siess     
    5.175000      4.1433      2.9872      3.7311      4.1433  Siess     
    5.180000      4.1436      2.9894      3.7303      4.1436  Siess     
    5.185000      4.1439      2.9915      3.7295      4.1439  Siess     
    5.190000      4.1442      2.9937      3.7287      4.1442  Siess     
    5.195000      4.1445      2.9958      3.7279      4.1445  Siess     
    5.200000      4.1448      2.9980      3.7271      4.1448  Siess     
    5.205000      4.1451      3.0001      3.7264      4.1451  Siess     
    5.210000      4.1453      3.0023      3.7256      4.1453  Siess     
    5.215000      4.1456      3.0044      3.7248      4.1456  Siess     
    5.220000      4.1459      3.0065      3.7240      4.1459  Siess     
    5.225000      4.1462      3.0087      3.7232      4.1462  Siess     
    5.230000      4.1465      3.0108      3.7224      4.1465  Siess     
    5.235000      4.1468      3.0129      3.7217      4.1468  Siess     
    5.240000      4.1471      3.0151      3.7209      4.1471  Siess     
    5.245000      4.1474      3.0172      3.7201      4.1474  Siess     
    5.245000      4.1717      3.0511      3.7396      4.1717  Padova    
    5.250000      4.1715      3.0537      3.7365      4.1715  Padova    
    5.255000      4.1713      3.0563      3.7335      4.1713  Padova    
    5.260000      4.1710      3.0588      3.7304      4.1710  Padova    
    5.265000      4.1708      3.0614      3.7273      4.1708  Padova    
    5.270000      4.1706      3.0639      3.7243      4.1706  Padova    
    5.275000      4.1704      3.0665      3.7212      4.1704  Padova    
    5.280000      4.1701      3.0690      3.7182      4.1701  Padova    
    5.285000      4.1699      3.0716      3.7151      4.1699  Padova    
    5.290000      4.1697      3.0741      3.7121      4.1697  Padova    
    5.295000      4.1695      3.0767      3.7091      4.1695  Padova    
    5.300000      4.1692      3.0792      3.7060      4.1692  Padova    
    5.305000      4.1690      3.0818      3.7030      4.1690  Padova    
    5.310000      4.1688      3.0843      3.7000      4.1688  Padova    
    5.315000      4.1686      3.0868      3.6969      4.1686  Padova    
    5.320000      4.1683      3.0893      3.6939      4.1683  Padova    
    5.325000      4.1681      3.0919      3.6909      4.1681  Padova    
    5.330000      4.1679      3.0944      3.6879      4.1679  Padova    
    5.335000      4.1677      3.0969      3.6848      4.1677  Padova    
    5.340000      4.1675      3.0994      3.6818      4.1675  Padova    
    5.345000      4.1672      3.1020      3.6788      4.1672  Padova    
    5.350000      4.1670      3.1045      3.6758      4.1670  Padova    
    5.355000      4.1668      3.1070      3.6728      4.1668  Padova    
    5.360000      4.1666      3.1095      3.6698      4.1666  Padova    
    5.365000      4.1663      3.1120      3.6668      4.1663  Padova    
    5.370000      4.1661      3.1145      3.6638      4.1661  Padova    
    5.370353      4.1661      3.1147      3.6636      4.1661  Padova    
    5.375000      4.1657      3.1172      3.6600      4.1657  Padova    
    5.380000      4.1653      3.1198      3.6561      4.1653  Padova    
    5.385000      4.1649      3.1225      3.6523      4.1649  Padova    
    5.390000      4.1645      3.1252      3.6484      4.1645  Padova    
    5.395000      4.1641      3.1278      3.6446      4.1641  Padova    
    5.400000      4.1637      3.1305      3.6407      4.1637  Padova    
    5.405000      4.1633      3.1331      3.6369      4.1633  Padova    
    5.410000      4.1629      3.1358      3.6331      4.1629  Padova    
    5.415000      4.1625      3.1384      3.6292      4.1625  Padova    
    5.420000      4.1621      3.1411      3.6254      4.1621  Padova    
    5.425000      4.1617      3.1437      3.6216      4.1617  Padova    
    5.430000      4.1613      3.1464      3.6177      4.1613  Padova    
    5.435000      4.1609      3.1490      3.6139      4.1609  Padova    
    5.440000      4.1605      3.1517      3.6101      4.1605  Padova    
    5.445000      4.1601      3.1543      3.6063      4.1601  Padova    
    5.450000      4.1597      3.1569      3.6025      4.1597  Padova    
    5.455000      4.1593      3.1596      3.5987      4.1593  Padova    
    5.460000      4.1590      3.1622      3.5948      4.1590  Padova    
    5.465000      4.1586      3.1648      3.5910      4.1586  Padova    
    5.470000      4.1582      3.1674      3.5872      4.1582  Padova    
    5.475000      4.1578      3.1700      3.5835      4.1578  Padova    
    5.479685      4.1574      3.1725      3.5799      4.1574  Padova    
    5.480000      4.1574      3.1727      3.5796      4.1574  Padova    
    5.485000      4.1568      3.1755      3.5748      4.1568  Padova    
    5.490000      4.1562      3.1782      3.5701      4.1562  Padova    
    5.495000      4.1556      3.1810      3.5653      4.1556  Padova    
    5.500000      4.1550      3.1838      3.5605      4.1550  Padova    
    5.505000      4.1544      3.1866      3.5558      4.1544  Padova    
    5.510000      4.1538      3.1894      3.5510      4.1538  Padova    
    5.515000      4.1532      3.1921      3.5463      4.1532  Padova    
    5.520000      4.1526      3.1949      3.5415      4.1526  Padova    
    5.525000      4.1520      3.1977      3.5368      4.1520  Padova    
    5.530000      4.1515      3.2004      3.5320      4.1515  Padova    
    5.535000      4.1509      3.2032      3.5273      4.1509  Padova    
    5.540000      4.1503      3.2060      3.5226      4.1503  Padova    
    5.545000      4.1497      3.2087      3.5179      4.1497  Padova    
    5.550000      4.1491      3.2115      3.5131      4.1491  Padova    
    5.555000      4.1485      3.2142      3.5084      4.1485  Padova    
    5.560000      4.1479      3.2170      3.5037      4.1479  Padova    
    5.565000      4.1474      3.2197      3.4990      4.1474  Padova    
    5.570000      4.1468      3.2225      3.4943      4.1468  Padova    
    5.571500      4.1466      3.2233      3.4929      4.1466  Padova    
    5.575000      4.1461      3.2254      3.4892      4.1461  Padova    
    5.580000      4.1454      3.2283      3.4838      4.1454  Padova    
    5.585000      4.1447      3.2313      3.4785      4.1447  Padova    
    5.590000      4.1440      3.2342      3.4731      4.1440  Padova    
    5.595000      4.1433      3.2371      3.4678      4.1433  Padova    
    5.600000      4.1426      3.2401      3.4625      4.1426  Padova    
    5.605000      4.1419      3.2430      3.4572      4.1419  Padova    
    5.610000      4.1412      3.2459      3.4519      4.1412  Padova    
    5.611660      4.1410      3.2469      3.4501      4.1410  Padova    
    5.615000      4.1406      3.2490      3.4466      4.1406  Padova    
    5.620000      4.1400      3.2522      3.4412      4.1400  Padova    
    5.625000      4.1393      3.2554      3.4359      4.1393  Padova    
    5.630000      4.1387      3.2585      3.4306      4.1387  Padova    
    5.635000      4.1381      3.2617      3.4254      4.1381  Padova    
    5.640000      4.1374      3.2649      3.4201      4.1374  Padova    
    5.645000      4.1368      3.2680      3.4148      4.1368  Padova    
    5.648299      4.1364      3.2701      3.4113      4.1364  Padova    
    5.650000      4.1363      3.2713      3.4099      4.1363  Padova    
    5.655000      4.1361      3.2750      3.4057      4.1361  Padova    
    5.660000      4.1358      3.2786      3.4015      4.1358  Padova    
    5.665000      4.1356      3.2822      3.3974      4.1356  Padova    
    5.670000      4.1353      3.2858      3.3932      4.1353  Padova    
    5.672503      4.1352      3.2876      3.3911      4.1352  Padova    
    5.675000      4.1357      3.2899      3.3908      4.1357  Padova    
    5.680000      4.1366      3.2945      3.3903      4.1366  Padova    
    5.685000      4.1376      3.2991      3.3898      4.1376  Padova    
    5.687119      4.1380      3.3011      3.3896      4.1380  Padova    
    5.690000      4.1399      3.3050      3.3937      4.1399  Padova    
    5.695000      4.1433      3.3118      3.4007      4.1433  Padova    
    5.698637      4.1457      3.3168      3.4058      4.1457  Padova    
    5.700000      4.1488      3.3209      3.4143      4.1488  Padova    
    5.705000      4.1603      3.3360      3.4455      4.1603  Padova    
    5.706398      4.1635      3.3402      3.4542      4.1635  Padova    
    5.708591      4.1785      3.3620      3.4926      4.1785  Padova    
    5.709863      4.1950      3.3916      3.5289      4.1950  Padova    
    5.709951      4.1943      3.3874      3.5304      4.1943  Padova    
    5.710000      4.1923      3.3815      3.5282      4.1923  Padova    
    5.710283      4.1806      3.3473      3.5157      4.1806  Padova    
    5.710637      4.1610      3.3361      3.4484      4.1610  Padova    
    5.710946      4.1445      3.3518      3.3669      4.1445  Padova    
    5.711344      4.1252      3.3710      3.2705      4.1252  Padova    
    5.711787      4.1043      3.3841      3.1738      4.1043  Padova    
    5.712295      4.0805      3.3919      3.0710      4.0805  Padova    
    5.712870      4.0527      3.3942      2.9575      4.0527  Padova    
    5.713195      4.0362      3.3931      2.8927      4.0362  Padova    
    5.713539      4.0179      3.3903      2.8220      4.0179  Padova    
    5.713881      3.9978      3.3859      2.7464      3.9978  Padova    
    5.714242      3.9749      3.3791      2.6614      3.9749  Padova    
    5.714603      3.9496      3.3701      2.5692      3.9496  Padova    
    5.714964      3.9208      3.3578      2.4664      3.9208  Padova    
    5.715000      3.9176      3.3563      2.4553      3.9176  Padova    
    5.715145      3.9048      3.3503      2.4100      3.9048  Padova    
    5.715343      3.8861      3.3410      2.3444      3.8861  Padova    
    5.715523      3.8670      3.3308      2.2782      3.8670  Padova    
    5.715703      3.8460      3.3193      2.2058      3.8460  Padova    
    5.715884      3.8222      3.3055      2.1243      3.8222  Padova    
    5.716064      3.7955      3.2893      2.0340      3.7955  Padova    
    5.716244      3.7649      3.2699      1.9308      3.7649  Padova    
    5.716406      3.7349      3.2478      1.8331      3.7349  Padova    
    5.716586      3.7066      3.2175      1.7500      3.7066  Padova    
    5.716766      3.6875      3.1794      1.7118      3.6875  Padova    
    5.716928      3.6740      3.1410      1.6963      3.6740  Padova    
    5.717090      3.6629      3.1204      1.6726      3.6629  Padova    
    5.717377      3.6445      3.1961      1.5232      3.6445  Padova    
    5.717643      3.6312      3.3062      1.3597      3.6312  Padova    
    5.717909      3.6252      3.3689      1.2733      3.6252  Padova    
    5.718360      3.6200      3.4213      1.2001      3.6200  Padova    
    5.718933      3.6148      3.4748      1.1257      3.6148  Padova    
    5.719547      3.6098      3.5292      1.0514      3.6098  Padova    
    5.720000      3.6063      3.5696      0.9971      3.6063  Padova    
    5.720160      3.6051      3.5839      0.9779      3.6051  Padova    
    5.720794      3.6006      3.6387      0.9051      3.6006  Padova    
    5.721407      3.5969      3.6828      0.8464      3.5969  Padova    
    5.722490      3.5944      3.7118      0.8076      3.5944  Padova    
    5.723429      3.5932      3.7261      0.7884      3.5932  Padova    
    5.725000      3.5941      3.7172      0.8009      3.5941  Padova    
    5.730000      3.5968      3.6890      0.8406      3.5968  Padova    
    5.732652      3.5983      3.6740      0.8616      3.5983  Padova    
    5.735000      3.6007      3.6483      0.8970      3.6007  Padova    
    5.737210      3.6029      3.6242      0.9303      3.6029  Padova    
    5.740000      3.6064      3.5852      0.9831      3.6064  Padova    
    5.741313      3.6080      3.5669      1.0080      3.6080  Padova    
    5.745000      3.6130      3.5116      1.0835      3.6130  Padova    
    5.745185      3.6132      3.5088      1.0873      3.6132  Padova    
    5.748762      3.6180      3.4579      1.1576      3.6180  Padova    
    5.750000      3.6195      3.4426      1.1789      3.6195  Padova    
    5.752829      3.6228      3.4076      1.2274      3.6228  Padova    
    5.755000      3.6249      3.3877      1.2558      3.6249  Padova    
    5.758529      3.6283      3.3554      1.3019      3.6283  Padova    
    5.760000      3.6294      3.3474      1.3143      3.6294  Padova    
    5.765000      3.6330      3.3200      1.3566      3.6330  Padova    
    5.767713      3.6349      3.3052      1.3795      3.6349  Padova    
    5.770000      3.6363      3.3011      1.3894      3.6363  Padova    
    5.775000      3.6394      3.2922      1.4110      3.6394  Padova    
    5.780000      3.6425      3.2833      1.4325      3.6425  Padova    
    5.780688      3.6429      3.2821      1.4355      3.6429  Padova    
    5.785000      3.6477      3.2994      1.4376      3.6477  Padova    
    5.788978      3.6521      3.3153      1.4395      3.6521  Padova    
    5.790000      3.6538      3.3218      1.4400      3.6538  Padova    
    5.792073      3.6572      3.3350      1.4409      3.6572  Padova    
    5.794181      3.6676      3.3663      1.4509      3.6676  Padova    
    5.795000      3.6743      3.3764      1.4676      3.6743  Padova    
    5.797688      3.6962      3.4097      1.5222      3.6962  Padova    
    5.800000      3.6990      3.4128      1.5307      3.6990  Padova    
    5.805000      3.7052      3.4194      1.5490      3.7052  Padova    
    5.810000      3.7113      3.4261      1.5674      3.7113  Padova    
    5.815000      3.7175      3.4327      1.5857      3.7175  Padova    
    5.820000      3.7236      3.4393      1.6040      3.7236  Padova    
    5.825000      3.7297      3.4459      1.6223      3.7297  Padova    
    5.830000      3.7358      3.4526      1.6405      3.7358  Padova    
    5.835000      3.7420      3.4592      1.6588      3.7420  Padova    
    5.840000      3.7481      3.4658      1.6770      3.7481  Padova    
    5.845000      3.7542      3.4724      1.6953      3.7542  Padova    
    5.847892      3.7577      3.4762      1.7058      3.7577  Padova    
    5.850000      3.7566      3.4773      1.7004      3.7566  Padova    
    5.855000      3.7539      3.4800      1.6875      3.7539  Padova    
    5.860000      3.7513      3.4827      1.6746      3.7513  Padova    
    5.865000      3.7487      3.4853      1.6618      3.7487  Padova    
    5.870000      3.7460      3.4880      1.6490      3.7460  Padova    
    5.875000      3.7434      3.4907      1.6361      3.7434  Padova    
    5.880000      3.7408      3.4933      1.6233      3.7408  Padova    
    5.881103      3.7402      3.4939      1.6205      3.7402  Padova    
    5.885000      3.7322      3.4931      1.5898      3.7322  Padova    
    5.890000      3.7221      3.4920      1.5503      3.7221  Padova    
    5.894739      3.7124      3.4910      1.5130      3.7124  Padova    
    5.895000      3.7115      3.4906      1.5099      3.7115  Padova    
    5.900000      3.6943      3.4826      1.4497      3.6943  Padova    
    5.905000      3.6772      3.4746      1.3896      3.6772  Padova    
    5.905757      3.6746      3.4734      1.3805      3.6746  Padova    
    5.910000      3.6647      3.4579      1.3566      3.6647  Padova    
    5.915000      3.6530      3.4396      1.3284      3.6530  Padova    
    5.920000      3.6413      3.4213      1.3003      3.6413  Padova    
    5.920780      3.6395      3.4185      1.2959      3.6395  Padova    
    5.925000      3.6360      3.4298      1.2711      3.6360  Padova    
    5.930000      3.6319      3.4432      1.2418      3.6319  Padova    
    5.935000      3.6279      3.4565      1.2125      3.6279  Padova    
    5.939225      3.6244      3.4678      1.1877      3.6244  Padova    
    5.940000      3.6219      3.4869      1.1583      3.6219  Padova    
    5.940688      3.6196      3.5039      1.1321      3.6196  Padova    
    5.940761      3.6188      3.5106      1.1223      3.6188  Padova    
    5.941023      3.6147      3.5514      1.0653      3.6147  Padova    
    5.942365      3.6085      3.6133      0.9786      3.6085  Padova    
    5.942855      3.6059      3.6400      0.9415      3.6059  Padova    
    5.943607      3.5997      3.7070      0.8499      3.5997  Padova    
    5.944555      3.5940      3.7705      0.7637      3.5940  Padova    
    5.945000      3.5917      3.7954      0.7296      3.5917  Padova    
    5.945600      3.5886      3.8289      0.6836      3.5886  Padova    
    5.946464      3.5844      3.8742      0.6218      3.5844  Padova    
    5.947344      3.5799      3.9228      0.5551      3.5799  Padova    
    5.948029      3.5758      3.9654      0.4962      3.5758  Padova    
    5.948647      3.5717      4.0075      0.4378      3.5717  Padova    
    5.949152      3.5676      4.0479      0.3811      3.5676  Padova    
    5.949591      3.5639      4.0847      0.3295      3.5639  Padova    
    5.950000      3.5610      4.1188      0.2837      3.5610  Padova    
    5.950192      3.5596      4.1349      0.2621      3.5596  Padova    
    5.950469      3.5581      4.1589      0.2322      3.5581  Padova    
    5.950696      3.5568      4.1791      0.2069      3.5568  Padova    
    5.950940      3.5532      4.2173      0.1541      3.5532  Padova    
    5.951363      3.5436      4.3042      0.0286      3.5436  Padova    
    5.951427      3.5422      4.3180      0.0096      3.5422  Padova    
    5.951509      3.5406      4.3345     -0.0134      3.5406  Padova    
    5.951622      3.5386      4.3549     -0.0419      3.5386  Padova    
