    # M_init       log T       log L       log g    log T WR  Source    
    # (Msun)    (Kelvin)      (Lsun)          ()    (Kelvin)  ()        
    0.100000      3.4818     -2.4288      4.8597      3.4818  Siess     
    0.105000      3.4850     -2.3935      4.8603      3.4850  Siess     
    0.110000      3.4880     -2.3598      4.8609      3.4880  Siess     
    0.115000      3.4909     -2.3277      4.8615      3.4909  Siess     
    0.120000      3.4937     -2.2969      4.8621      3.4937  Siess     
    0.125000      3.4963     -2.2674      4.8626      3.4963  Siess     
    0.130000      3.4989     -2.2390      4.8631      3.4989  Siess     
    0.135000      3.5009     -2.2139      4.8613      3.5009  Siess     
    0.140000      3.5029     -2.1896      4.8594      3.5029  Siess     
    0.145000      3.5048     -2.1663      4.8577      3.5048  Siess     
    0.150000      3.5067     -2.1437      4.8560      3.5067  Siess     
    0.155000      3.5085     -2.1218      4.8544      3.5085  Siess     
    0.160000      3.5102     -2.1006      4.8528      3.5102  Siess     
    0.165000      3.5118     -2.0811      4.8524      3.5118  Siess     
    0.170000      3.5133     -2.0621      4.8520      3.5133  Siess     
    0.175000      3.5148     -2.0437      4.8517      3.5148  Siess     
    0.180000      3.5163     -2.0258      4.8514      3.5163  Siess     
    0.185000      3.5177     -2.0084      4.8511      3.5177  Siess     
    0.190000      3.5190     -1.9915      4.8507      3.5190  Siess     
    0.195000      3.5203     -1.9750      4.8504      3.5203  Siess     
    0.200000      3.5216     -1.9589      4.8501      3.5216  Siess     
    0.205000      3.5233     -1.9431      4.8499      3.5233  Siess     
    0.210000      3.5250     -1.9277      4.8497      3.5250  Siess     
    0.215000      3.5266     -1.9126      4.8495      3.5266  Siess     
    0.220000      3.5282     -1.8979      4.8493      3.5282  Siess     
    0.225000      3.5298     -1.8835      4.8491      3.5298  Siess     
    0.230000      3.5313     -1.8694      4.8489      3.5313  Siess     
    0.235000      3.5328     -1.8557      4.8487      3.5328  Siess     
    0.240000      3.5342     -1.8422      4.8485      3.5342  Siess     
    0.245000      3.5357     -1.8290      4.8483      3.5357  Siess     
    0.250000      3.5371     -1.8161      4.8481      3.5371  Siess     
    0.255000      3.5383     -1.8029      4.8473      3.5383  Siess     
    0.260000      3.5394     -1.7899      4.8466      3.5394  Siess     
    0.265000      3.5406     -1.7772      4.8458      3.5406  Siess     
    0.270000      3.5417     -1.7647      4.8451      3.5417  Siess     
    0.275000      3.5428     -1.7524      4.8444      3.5428  Siess     
    0.280000      3.5438     -1.7404      4.8437      3.5438  Siess     
    0.285000      3.5449     -1.7286      4.8430      3.5449  Siess     
    0.290000      3.5459     -1.7169      4.8423      3.5459  Siess     
    0.295000      3.5470     -1.7055      4.8416      3.5470  Siess     
    0.300000      3.5480     -1.6943      4.8410      3.5480  Siess     
    0.305000      3.5490     -1.6826      4.8408      3.5490  Siess     
    0.310000      3.5500     -1.6712      4.8406      3.5500  Siess     
    0.315000      3.5510     -1.6599      4.8404      3.5510  Siess     
    0.320000      3.5520     -1.6488      4.8402      3.5520  Siess     
    0.325000      3.5530     -1.6379      4.8400      3.5530  Siess     
    0.330000      3.5539     -1.6272      4.8398      3.5539  Siess     
    0.335000      3.5549     -1.6166      4.8396      3.5549  Siess     
    0.340000      3.5558     -1.6061      4.8394      3.5558  Siess     
    0.345000      3.5567     -1.5959      4.8392      3.5567  Siess     
    0.350000      3.5576     -1.5857      4.8391      3.5576  Siess     
    0.355000      3.5585     -1.5757      4.8389      3.5585  Siess     
    0.360000      3.5594     -1.5659      4.8387      3.5594  Siess     
    0.365000      3.5602     -1.5562      4.8386      3.5602  Siess     
    0.370000      3.5611     -1.5466      4.8384      3.5611  Siess     
    0.375000      3.5619     -1.5371      4.8382      3.5619  Siess     
    0.380000      3.5627     -1.5278      4.8381      3.5627  Siess     
    0.385000      3.5636     -1.5186      4.8379      3.5636  Siess     
    0.390000      3.5644     -1.5095      4.8377      3.5644  Siess     
    0.395000      3.5652     -1.5006      4.8376      3.5652  Siess     
    0.400000      3.5660     -1.4917      4.8374      3.5660  Siess     
    0.405000      3.5668     -1.4806      4.8364      3.5668  Siess     
    0.410000      3.5677     -1.4696      4.8354      3.5677  Siess     
    0.415000      3.5685     -1.4588      4.8345      3.5685  Siess     
    0.420000      3.5693     -1.4481      4.8335      3.5693  Siess     
    0.425000      3.5701     -1.4375      4.8326      3.5701  Siess     
    0.430000      3.5709     -1.4271      4.8316      3.5709  Siess     
    0.435000      3.5717     -1.4168      4.8307      3.5717  Siess     
    0.440000      3.5725     -1.4066      4.8298      3.5725  Siess     
    0.445000      3.5733     -1.3965      4.8289      3.5733  Siess     
    0.450000      3.5741     -1.3865      4.8280      3.5741  Siess     
    0.455000      3.5749     -1.3766      4.8271      3.5749  Siess     
    0.460000      3.5756     -1.3668      4.8262      3.5756  Siess     
    0.465000      3.5764     -1.3572      4.8253      3.5764  Siess     
    0.470000      3.5771     -1.3476      4.8245      3.5771  Siess     
    0.475000      3.5778     -1.3382      4.8236      3.5778  Siess     
    0.480000      3.5785     -1.3288      4.8228      3.5785  Siess     
    0.485000      3.5793     -1.3196      4.8219      3.5793  Siess     
    0.490000      3.5800     -1.3104      4.8211      3.5800  Siess     
    0.495000      3.5807     -1.3013      4.8203      3.5807  Siess     
    0.500000      3.5814     -1.2924      4.8195      3.5814  Siess     
    0.505000      3.5824     -1.2805      4.8164      3.5824  Siess     
    0.510000      3.5835     -1.2687      4.8132      3.5835  Siess     
    0.515000      3.5845     -1.2570      4.8102      3.5845  Siess     
    0.520000      3.5855     -1.2454      4.8071      3.5855  Siess     
    0.525000      3.5865     -1.2340      4.8041      3.5865  Siess     
    0.530000      3.5875     -1.2226      4.8011      3.5875  Siess     
    0.535000      3.5885     -1.2114      4.7982      3.5885  Siess     
    0.540000      3.5895     -1.2003      4.7952      3.5895  Siess     
    0.545000      3.5905     -1.1892      4.7923      3.5905  Siess     
    0.550000      3.5915     -1.1783      4.7894      3.5915  Siess     
    0.555000      3.5924     -1.1675      4.7866      3.5924  Siess     
    0.560000      3.5934     -1.1567      4.7837      3.5934  Siess     
    0.565000      3.5943     -1.1461      4.7809      3.5943  Siess     
    0.570000      3.5952     -1.1356      4.7782      3.5952  Siess     
    0.575000      3.5962     -1.1251      4.7754      3.5962  Siess     
    0.580000      3.5971     -1.1148      4.7727      3.5971  Siess     
    0.585000      3.5980     -1.1045      4.7700      3.5980  Siess     
    0.590000      3.5989     -1.0943      4.7673      3.5989  Siess     
    0.595000      3.5998     -1.0842      4.7646      3.5998  Siess     
    0.600000      3.6007     -1.0742      4.7620      3.6007  Siess     
    0.605000      3.6024     -1.0613      4.7574      3.6024  Siess     
    0.610000      3.6041     -1.0485      4.7529      3.6041  Siess     
    0.615000      3.6058     -1.0359      4.7485      3.6058  Siess     
    0.620000      3.6075     -1.0233      4.7440      3.6075  Siess     
    0.625000      3.6092     -1.0108      4.7396      3.6092  Siess     
    0.630000      3.6109     -0.9985      4.7353      3.6109  Siess     
    0.635000      3.6125     -0.9862      4.7309      3.6125  Siess     
    0.640000      3.6142     -0.9741      4.7266      3.6142  Siess     
    0.645000      3.6158     -0.9620      4.7224      3.6158  Siess     
    0.650000      3.6174     -0.9500      4.7181      3.6174  Siess     
    0.655000      3.6190     -0.9381      4.7139      3.6190  Siess     
    0.660000      3.6206     -0.9263      4.7098      3.6206  Siess     
    0.665000      3.6222     -0.9146      4.7056      3.6222  Siess     
    0.670000      3.6238     -0.9030      4.7015      3.6238  Siess     
    0.675000      3.6253     -0.8914      4.6974      3.6253  Siess     
    0.680000      3.6269     -0.8800      4.6934      3.6269  Siess     
    0.685000      3.6284     -0.8686      4.6894      3.6284  Siess     
    0.690000      3.6299     -0.8574      4.6854      3.6299  Siess     
    0.695000      3.6314     -0.8461      4.6814      3.6314  Siess     
    0.700000      3.6329     -0.8350      4.6775      3.6329  Siess     
    0.705000      3.6347     -0.8236      4.6752      3.6347  Siess     
    0.710000      3.6366     -0.8123      4.6730      3.6366  Siess     
    0.715000      3.6384     -0.8010      4.6707      3.6384  Siess     
    0.720000      3.6402     -0.7898      4.6685      3.6402  Siess     
    0.725000      3.6420     -0.7787      4.6663      3.6420  Siess     
    0.730000      3.6437     -0.7677      4.6641      3.6437  Siess     
    0.735000      3.6455     -0.7567      4.6620      3.6455  Siess     
    0.740000      3.6473     -0.7458      4.6598      3.6473  Siess     
    0.745000      3.6490     -0.7350      4.6576      3.6490  Siess     
    0.750000      3.6507     -0.7243      4.6555      3.6507  Siess     
    0.755000      3.6524     -0.7136      4.6534      3.6524  Siess     
    0.760000      3.6541     -0.7030      4.6513      3.6541  Siess     
    0.765000      3.6558     -0.6925      4.6492      3.6558  Siess     
    0.770000      3.6575     -0.6820      4.6471      3.6575  Siess     
    0.775000      3.6592     -0.6716      4.6451      3.6592  Siess     
    0.780000      3.6608     -0.6613      4.6430      3.6608  Siess     
    0.785000      3.6625     -0.6510      4.6410      3.6625  Siess     
    0.790000      3.6641     -0.6408      4.6389      3.6641  Siess     
    0.795000      3.6658     -0.6307      4.6369      3.6658  Siess     
    0.800000      3.6674     -0.6206      4.6349      3.6674  Siess     
    0.805000      3.6691     -0.6088      4.6326      3.6691  Siess     
    0.810000      3.6708     -0.5970      4.6302      3.6708  Siess     
    0.815000      3.6725     -0.5853      4.6278      3.6725  Siess     
    0.820000      3.6742     -0.5737      4.6255      3.6742  Siess     
    0.825000      3.6759     -0.5622      4.6232      3.6759  Siess     
    0.830000      3.6776     -0.5507      4.6209      3.6776  Siess     
    0.835000      3.6792     -0.5393      4.6186      3.6792  Siess     
    0.840000      3.6809     -0.5279      4.6163      3.6809  Siess     
    0.845000      3.6825     -0.5167      4.6141      3.6825  Siess     
    0.850000      3.6842     -0.5055      4.6118      3.6842  Siess     
    0.855000      3.6858     -0.4943      4.6096      3.6858  Siess     
    0.860000      3.6874     -0.4832      4.6073      3.6874  Siess     
    0.865000      3.6890     -0.4722      4.6051      3.6890  Siess     
    0.870000      3.6906     -0.4613      4.6029      3.6906  Siess     
    0.875000      3.6922     -0.4504      4.6007      3.6922  Siess     
    0.880000      3.6938     -0.4396      4.5986      3.6938  Siess     
    0.885000      3.6953     -0.4288      4.5964      3.6953  Siess     
    0.890000      3.6969     -0.4181      4.5943      3.6969  Siess     
    0.895000      3.6985     -0.4074      4.5921      3.6985  Siess     
    0.900000      3.7000     -0.3969      4.5900      3.7000  Siess     
    0.905000      3.7015     -0.3857      4.5874      3.7015  Siess     
    0.910000      3.7030     -0.3746      4.5848      3.7030  Siess     
    0.915000      3.7045     -0.3636      4.5822      3.7045  Siess     
    0.920000      3.7059     -0.3526      4.5796      3.7059  Siess     
    0.925000      3.7074     -0.3417      4.5770      3.7074  Siess     
    0.930000      3.7089     -0.3309      4.5744      3.7089  Siess     
    0.935000      3.7103     -0.3201      4.5719      3.7103  Siess     
    0.940000      3.7118     -0.3094      4.5694      3.7118  Siess     
    0.945000      3.7132     -0.2987      4.5668      3.7132  Siess     
    0.950000      3.7146     -0.2881      4.5643      3.7146  Siess     
    0.955000      3.7160     -0.2775      4.5619      3.7160  Siess     
    0.960000      3.7175     -0.2670      4.5594      3.7175  Siess     
    0.965000      3.7189     -0.2565      4.5569      3.7189  Siess     
    0.970000      3.7203     -0.2461      4.5545      3.7203  Siess     
    0.975000      3.7216     -0.2358      4.5520      3.7216  Siess     
    0.980000      3.7230     -0.2255      4.5496      3.7230  Siess     
    0.985000      3.7244     -0.2153      4.5472      3.7244  Siess     
    0.990000      3.7258     -0.2051      4.5448      3.7258  Siess     
    0.995000      3.7271     -0.1949      4.5424      3.7271  Siess     
    1.000000      3.7285     -0.1848      4.5400      3.7285  Siess     
    1.005000      3.7298     -0.1747      4.5369      3.7298  Siess     
    1.010000      3.7310     -0.1645      4.5337      3.7310  Siess     
    1.015000      3.7323     -0.1544      4.5306      3.7323  Siess     
    1.020000      3.7336     -0.1444      4.5275      3.7336  Siess     
    1.025000      3.7348     -0.1344      4.5245      3.7348  Siess     
    1.030000      3.7361     -0.1244      4.5214      3.7361  Siess     
    1.035000      3.7373     -0.1146      4.5183      3.7373  Siess     
    1.040000      3.7385     -0.1047      4.5153      3.7385  Siess     
    1.045000      3.7398     -0.0949      4.5123      3.7398  Siess     
    1.050000      3.7410     -0.0852      4.5093      3.7410  Siess     
    1.055000      3.7422     -0.0754      4.5063      3.7422  Siess     
    1.060000      3.7434     -0.0658      4.5033      3.7434  Siess     
    1.065000      3.7446     -0.0562      4.5004      3.7446  Siess     
    1.070000      3.7458     -0.0466      4.4974      3.7458  Siess     
    1.075000      3.7470     -0.0371      4.4945      3.7470  Siess     
    1.080000      3.7482     -0.0276      4.4916      3.7482  Siess     
    1.085000      3.7494     -0.0182      4.4886      3.7494  Siess     
    1.090000      3.7506     -0.0088      4.4857      3.7506  Siess     
    1.095000      3.7517      0.0006      4.4829      3.7517  Siess     
    1.100000      3.7529      0.0099      4.4800      3.7529  Siess     
    1.105000      3.7541      0.0202      4.4764      3.7541  Siess     
    1.110000      3.7553      0.0305      4.4727      3.7553  Siess     
    1.115000      3.7565      0.0407      4.4691      3.7565  Siess     
    1.120000      3.7577      0.0509      4.4655      3.7577  Siess     
    1.125000      3.7589      0.0610      4.4619      3.7589  Siess     
    1.130000      3.7601      0.0711      4.4584      3.7601  Siess     
    1.135000      3.7613      0.0812      4.4548      3.7613  Siess     
    1.140000      3.7625      0.0912      4.4513      3.7625  Siess     
    1.145000      3.7637      0.1011      4.4477      3.7637  Siess     
    1.150000      3.7648      0.1110      4.4442      3.7648  Siess     
    1.155000      3.7660      0.1209      4.4407      3.7660  Siess     
    1.160000      3.7671      0.1307      4.4373      3.7671  Siess     
    1.165000      3.7683      0.1405      4.4338      3.7683  Siess     
    1.170000      3.7694      0.1503      4.4304      3.7694  Siess     
    1.175000      3.7706      0.1600      4.4269      3.7706  Siess     
    1.180000      3.7717      0.1696      4.4235      3.7717  Siess     
    1.185000      3.7729      0.1793      4.4201      3.7729  Siess     
    1.190000      3.7740      0.1888      4.4167      3.7740  Siess     
    1.195000      3.7751      0.1984      4.4134      3.7751  Siess     
    1.200000      3.7762      0.2079      4.4100      3.7762  Siess     
    1.205000      3.7773      0.2168      4.4074      3.7773  Siess     
    1.210000      3.7783      0.2256      4.4048      3.7783  Siess     
    1.215000      3.7794      0.2344      4.4022      3.7794  Siess     
    1.220000      3.7804      0.2432      4.3997      3.7804  Siess     
    1.225000      3.7814      0.2519      4.3971      3.7814  Siess     
    1.230000      3.7824      0.2606      4.3946      3.7824  Siess     
    1.235000      3.7835      0.2693      4.3920      3.7835  Siess     
    1.240000      3.7845      0.2779      4.3895      3.7845  Siess     
    1.245000      3.7855      0.2865      4.3870      3.7855  Siess     
    1.250000      3.7865      0.2951      4.3845      3.7865  Siess     
    1.255000      3.7875      0.3036      4.3820      3.7875  Siess     
    1.260000      3.7885      0.3121      4.3795      3.7885  Siess     
    1.265000      3.7895      0.3206      4.3770      3.7895  Siess     
    1.270000      3.7905      0.3290      4.3746      3.7905  Siess     
    1.275000      3.7915      0.3374      4.3721      3.7915  Siess     
    1.280000      3.7925      0.3458      4.3697      3.7925  Siess     
    1.285000      3.7935      0.3541      4.3672      3.7935  Siess     
    1.290000      3.7944      0.3624      4.3648      3.7944  Siess     
    1.295000      3.7954      0.3707      4.3624      3.7954  Siess     
    1.300000      3.7964      0.3789      4.3600      3.7964  Siess     
    1.305000      3.7974      0.3868      4.3579      3.7974  Siess     
    1.310000      3.7984      0.3947      4.3559      3.7984  Siess     
    1.315000      3.7994      0.4026      4.3538      3.7994  Siess     
    1.320000      3.8005      0.4104      4.3518      3.8005  Siess     
    1.325000      3.8015      0.4182      4.3497      3.8015  Siess     
    1.330000      3.8025      0.4260      4.3477      3.8025  Siess     
    1.335000      3.8035      0.4337      4.3457      3.8035  Siess     
    1.340000      3.8045      0.4415      4.3436      3.8045  Siess     
    1.345000      3.8055      0.4491      4.3416      3.8055  Siess     
    1.350000      3.8065      0.4568      4.3396      3.8065  Siess     
    1.355000      3.8075      0.4644      4.3376      3.8075  Siess     
    1.360000      3.8084      0.4720      4.3356      3.8084  Siess     
    1.365000      3.8094      0.4796      4.3337      3.8094  Siess     
    1.370000      3.8104      0.4872      4.3317      3.8104  Siess     
    1.375000      3.8114      0.4947      4.3297      3.8114  Siess     
    1.380000      3.8123      0.5022      4.3278      3.8123  Siess     
    1.385000      3.8133      0.5096      4.3258      3.8133  Siess     
    1.390000      3.8143      0.5171      4.3239      3.8143  Siess     
    1.395000      3.8152      0.5245      4.3219      3.8152  Siess     
    1.400000      3.8162      0.5319      4.3200      3.8162  Siess     
    1.405000      3.8173      0.5386      4.3190      3.8173  Siess     
    1.410000      3.8183      0.5454      4.3179      3.8183  Siess     
    1.415000      3.8194      0.5521      4.3169      3.8194  Siess     
    1.420000      3.8205      0.5588      4.3159      3.8205  Siess     
    1.425000      3.8215      0.5655      4.3149      3.8215  Siess     
    1.430000      3.8226      0.5722      4.3139      3.8226  Siess     
    1.435000      3.8236      0.5788      4.3128      3.8236  Siess     
    1.440000      3.8247      0.5854      4.3118      3.8247  Siess     
    1.445000      3.8257      0.5920      4.3108      3.8257  Siess     
    1.450000      3.8268      0.5986      4.3098      3.8268  Siess     
    1.455000      3.8278      0.6051      4.3088      3.8278  Siess     
    1.460000      3.8289      0.6116      4.3078      3.8289  Siess     
    1.465000      3.8299      0.6181      4.3068      3.8299  Siess     
    1.470000      3.8309      0.6246      4.3059      3.8309  Siess     
    1.475000      3.8319      0.6311      4.3049      3.8319  Siess     
    1.480000      3.8330      0.6375      4.3039      3.8330  Siess     
    1.485000      3.8340      0.6439      4.3029      3.8340  Siess     
    1.490000      3.8350      0.6503      4.3019      3.8350  Siess     
    1.495000      3.8360      0.6567      4.3010      3.8360  Siess     
    1.500000      3.8370      0.6630      4.3000      3.8370  Siess     
    1.505000      3.8383      0.6695      4.3000      3.8383  Siess     
    1.510000      3.8397      0.6759      4.3000      3.8397  Siess     
    1.515000      3.8410      0.6823      4.3000      3.8410  Siess     
    1.520000      3.8423      0.6887      4.3000      3.8423  Siess     
    1.525000      3.8436      0.6950      4.3000      3.8436  Siess     
    1.530000      3.8450      0.7014      4.3000      3.8450  Siess     
    1.535000      3.8463      0.7077      4.3000      3.8463  Siess     
    1.540000      3.8476      0.7140      4.3000      3.8476  Siess     
    1.545000      3.8489      0.7203      4.3000      3.8489  Siess     
    1.550000      3.8502      0.7266      4.3000      3.8502  Siess     
    1.555000      3.8515      0.7328      4.3000      3.8515  Siess     
    1.560000      3.8528      0.7390      4.3000      3.8528  Siess     
    1.565000      3.8540      0.7452      4.3000      3.8540  Siess     
    1.570000      3.8553      0.7514      4.3000      3.8553  Siess     
    1.575000      3.8566      0.7576      4.3000      3.8566  Siess     
    1.580000      3.8579      0.7637      4.3000      3.8579  Siess     
    1.585000      3.8591      0.7698      4.3000      3.8591  Siess     
    1.590000      3.8604      0.7759      4.3000      3.8604  Siess     
    1.595000      3.8617      0.7820      4.3000      3.8617  Siess     
    1.600000      3.8629      0.7881      4.3000      3.8629  Siess     
    1.605000      3.8642      0.7941      4.3000      3.8642  Siess     
    1.610000      3.8655      0.8002      4.3000      3.8655  Siess     
    1.615000      3.8667      0.8062      4.3000      3.8667  Siess     
    1.620000      3.8680      0.8123      4.3000      3.8680  Siess     
    1.625000      3.8692      0.8183      4.3000      3.8692  Siess     
    1.630000      3.8705      0.8242      4.3000      3.8705  Siess     
    1.635000      3.8717      0.8302      4.3000      3.8717  Siess     
    1.640000      3.8730      0.8361      4.3000      3.8730  Siess     
    1.645000      3.8742      0.8421      4.3000      3.8742  Siess     
    1.650000      3.8754      0.8480      4.3000      3.8754  Siess     
    1.655000      3.8767      0.8539      4.3000      3.8767  Siess     
    1.660000      3.8779      0.8597      4.3000      3.8779  Siess     
    1.665000      3.8791      0.8656      4.3000      3.8791  Siess     
    1.670000      3.8803      0.8714      4.3000      3.8803  Siess     
    1.675000      3.8815      0.8772      4.3000      3.8815  Siess     
    1.680000      3.8828      0.8830      4.3000      3.8828  Siess     
    1.685000      3.8840      0.8888      4.3000      3.8840  Siess     
    1.690000      3.8852      0.8946      4.3000      3.8852  Siess     
    1.695000      3.8864      0.9003      4.3000      3.8864  Siess     
    1.700000      3.8876      0.9061      4.3000      3.8876  Siess     
    1.705000      3.8887      0.9114      4.3005      3.8887  Siess     
    1.710000      3.8899      0.9168      4.3010      3.8899  Siess     
    1.715000      3.8911      0.9221      4.3015      3.8911  Siess     
    1.720000      3.8923      0.9275      4.3020      3.8923  Siess     
    1.725000      3.8934      0.9328      4.3026      3.8934  Siess     
    1.730000      3.8946      0.9381      4.3031      3.8946  Siess     
    1.735000      3.8958      0.9433      4.3036      3.8958  Siess     
    1.740000      3.8969      0.9486      4.3041      3.8969  Siess     
    1.745000      3.8981      0.9538      4.3046      3.8981  Siess     
    1.750000      3.8992      0.9591      4.3051      3.8992  Siess     
    1.755000      3.9004      0.9643      4.3056      3.9004  Siess     
    1.760000      3.9015      0.9695      4.3061      3.9015  Siess     
    1.765000      3.9026      0.9747      4.3066      3.9026  Siess     
    1.770000      3.9038      0.9799      4.3071      3.9038  Siess     
    1.775000      3.9049      0.9850      4.3076      3.9049  Siess     
    1.780000      3.9060      0.9902      4.3080      3.9060  Siess     
    1.785000      3.9072      0.9953      4.3085      3.9072  Siess     
    1.790000      3.9083      1.0004      4.3090      3.9083  Siess     
    1.795000      3.9094      1.0055      4.3095      3.9094  Siess     
    1.800000      3.9105      1.0106      4.3100      3.9105  Siess     
    1.805000      3.9115      1.0156      4.3100      3.9115  Siess     
    1.810000      3.9125      1.0205      4.3100      3.9125  Siess     
    1.815000      3.9134      1.0255      4.3100      3.9134  Siess     
    1.820000      3.9144      1.0304      4.3100      3.9144  Siess     
    1.825000      3.9153      1.0353      4.3100      3.9153  Siess     
    1.830000      3.9163      1.0402      4.3100      3.9163  Siess     
    1.835000      3.9173      1.0451      4.3100      3.9173  Siess     
    1.840000      3.9182      1.0500      4.3100      3.9182  Siess     
    1.845000      3.9191      1.0548      4.3100      3.9191  Siess     
    1.850000      3.9201      1.0597      4.3100      3.9201  Siess     
    1.855000      3.9210      1.0645      4.3100      3.9210  Siess     
    1.860000      3.9220      1.0693      4.3100      3.9220  Siess     
    1.865000      3.9229      1.0741      4.3100      3.9229  Siess     
    1.870000      3.9239      1.0789      4.3100      3.9239  Siess     
    1.875000      3.9248      1.0837      4.3100      3.9248  Siess     
    1.880000      3.9257      1.0885      4.3100      3.9257  Siess     
    1.885000      3.9266      1.0933      4.3100      3.9266  Siess     
    1.890000      3.9276      1.0980      4.3100      3.9276  Siess     
    1.895000      3.9285      1.1027      4.3100      3.9285  Siess     
    1.900000      3.9294      1.1075      4.3100      3.9294  Siess     
    1.905000      3.9303      1.1122      4.3100      3.9303  Siess     
    1.910000      3.9312      1.1169      4.3100      3.9312  Siess     
    1.915000      3.9321      1.1215      4.3100      3.9321  Siess     
    1.920000      3.9331      1.1262      4.3100      3.9331  Siess     
    1.925000      3.9340      1.1309      4.3100      3.9340  Siess     
    1.930000      3.9349      1.1355      4.3100      3.9349  Siess     
    1.935000      3.9358      1.1402      4.3100      3.9358  Siess     
    1.940000      3.9367      1.1448      4.3100      3.9367  Siess     
    1.945000      3.9375      1.1494      4.3100      3.9375  Siess     
    1.950000      3.9384      1.1540      4.3100      3.9384  Siess     
    1.955000      3.9393      1.1586      4.3100      3.9393  Siess     
    1.960000      3.9402      1.1632      4.3100      3.9402  Siess     
    1.965000      3.9411      1.1677      4.3100      3.9411  Siess     
    1.970000      3.9420      1.1723      4.3100      3.9420  Siess     
    1.975000      3.9429      1.1768      4.3100      3.9429  Siess     
    1.980000      3.9438      1.1813      4.3100      3.9438  Siess     
    1.985000      3.9446      1.1859      4.3100      3.9446  Siess     
    1.990000      3.9455      1.1904      4.3100      3.9455  Siess     
    1.995000      3.9464      1.1949      4.3100      3.9464  Siess     
    2.000000      3.9472      1.1993      4.3100      3.9472  Siess     
    2.005000      3.9481      1.2037      4.3098      3.9481  Siess     
    2.010000      3.9489      1.2081      4.3096      3.9489  Siess     
    2.015000      3.9497      1.2125      4.3094      3.9497  Siess     
    2.020000      3.9505      1.2169      4.3092      3.9505  Siess     
    2.025000      3.9513      1.2212      4.3089      3.9513  Siess     
    2.030000      3.9521      1.2256      4.3087      3.9521  Siess     
    2.035000      3.9529      1.2299      4.3085      3.9529  Siess     
    2.040000      3.9537      1.2342      4.3083      3.9537  Siess     
    2.045000      3.9545      1.2386      4.3081      3.9545  Siess     
    2.050000      3.9553      1.2429      4.3079      3.9553  Siess     
    2.055000      3.9561      1.2472      4.3077      3.9561  Siess     
    2.060000      3.9568      1.2514      4.3075      3.9568  Siess     
    2.065000      3.9576      1.2557      4.3073      3.9576  Siess     
    2.070000      3.9584      1.2600      4.3071      3.9584  Siess     
    2.075000      3.9592      1.2642      4.3069      3.9592  Siess     
    2.080000      3.9600      1.2685      4.3067      3.9600  Siess     
    2.085000      3.9608      1.2727      4.3065      3.9608  Siess     
    2.090000      3.9615      1.2769      4.3063      3.9615  Siess     
    2.095000      3.9623      1.2811      4.3061      3.9623  Siess     
    2.100000      3.9631      1.2853      4.3058      3.9631  Siess     
    2.105000      3.9639      1.2895      4.3056      3.9639  Siess     
    2.110000      3.9646      1.2937      4.3054      3.9646  Siess     
    2.115000      3.9654      1.2979      4.3052      3.9654  Siess     
    2.120000      3.9662      1.3021      4.3050      3.9662  Siess     
    2.125000      3.9669      1.3062      4.3048      3.9669  Siess     
    2.130000      3.9677      1.3103      4.3046      3.9677  Siess     
    2.135000      3.9684      1.3145      4.3044      3.9684  Siess     
    2.140000      3.9692      1.3186      4.3042      3.9692  Siess     
    2.145000      3.9700      1.3227      4.3040      3.9700  Siess     
    2.150000      3.9707      1.3268      4.3038      3.9707  Siess     
    2.155000      3.9715      1.3309      4.3036      3.9715  Siess     
    2.160000      3.9722      1.3350      4.3035      3.9722  Siess     
    2.165000      3.9730      1.3391      4.3033      3.9730  Siess     
    2.170000      3.9737      1.3431      4.3031      3.9737  Siess     
    2.175000      3.9745      1.3472      4.3029      3.9745  Siess     
    2.180000      3.9752      1.3512      4.3027      3.9752  Siess     
    2.185000      3.9760      1.3553      4.3025      3.9760  Siess     
    2.190000      3.9767      1.3593      4.3023      3.9767  Siess     
    2.195000      3.9774      1.3633      4.3021      3.9774  Siess     
    2.200000      3.9782      1.3673      4.3019      3.9782  Siess     
    2.205000      3.9788      1.3713      4.3015      3.9788  Siess     
    2.210000      3.9795      1.3753      4.3011      3.9795  Siess     
    2.215000      3.9801      1.3793      4.3007      3.9801  Siess     
    2.220000      3.9807      1.3832      4.3003      3.9807  Siess     
    2.225000      3.9814      1.3871      4.3000      3.9814  Siess     
    2.230000      3.9820      1.3911      4.2996      3.9820  Siess     
    2.235000      3.9826      1.3950      4.2992      3.9826  Siess     
    2.240000      3.9833      1.3989      4.2988      3.9833  Siess     
    2.245000      3.9839      1.4028      4.2984      3.9839  Siess     
    2.250000      3.9845      1.4067      4.2980      3.9845  Siess     
    2.255000      3.9851      1.4106      4.2977      3.9851  Siess     
    2.260000      3.9858      1.4145      4.2973      3.9858  Siess     
    2.265000      3.9864      1.4184      4.2969      3.9864  Siess     
    2.270000      3.9870      1.4222      4.2965      3.9870  Siess     
    2.275000      3.9876      1.4261      4.2961      3.9876  Siess     
    2.280000      3.9883      1.4299      4.2958      3.9883  Siess     
    2.285000      3.9889      1.4338      4.2954      3.9889  Siess     
    2.290000      3.9895      1.4376      4.2950      3.9895  Siess     
    2.295000      3.9901      1.4414      4.2947      3.9901  Siess     
    2.300000      3.9907      1.4452      4.2943      3.9907  Siess     
    2.305000      3.9913      1.4490      4.2939      3.9913  Siess     
    2.310000      3.9919      1.4528      4.2935      3.9919  Siess     
    2.315000      3.9925      1.4566      4.2932      3.9925  Siess     
    2.320000      3.9932      1.4604      4.2928      3.9932  Siess     
    2.325000      3.9938      1.4642      4.2924      3.9938  Siess     
    2.330000      3.9944      1.4679      4.2921      3.9944  Siess     
    2.335000      3.9950      1.4717      4.2917      3.9950  Siess     
    2.340000      3.9956      1.4754      4.2913      3.9956  Siess     
    2.345000      3.9962      1.4792      4.2910      3.9962  Siess     
    2.350000      3.9968      1.4829      4.2906      3.9968  Siess     
    2.355000      3.9974      1.4866      4.2902      3.9974  Siess     
    2.360000      3.9980      1.4903      4.2899      3.9980  Siess     
    2.365000      3.9986      1.4941      4.2895      3.9986  Siess     
    2.370000      3.9992      1.4978      4.2891      3.9992  Siess     
    2.375000      3.9998      1.5014      4.2888      3.9998  Siess     
    2.380000      4.0004      1.5051      4.2884      4.0004  Siess     
    2.385000      4.0009      1.5088      4.2881      4.0009  Siess     
    2.390000      4.0015      1.5125      4.2877      4.0015  Siess     
    2.395000      4.0021      1.5161      4.2873      4.0021  Siess     
    2.400000      4.0027      1.5198      4.2870      4.0027  Siess     
    2.405000      4.0033      1.5234      4.2866      4.0033  Siess     
    2.410000      4.0039      1.5271      4.2863      4.0039  Siess     
    2.415000      4.0045      1.5307      4.2859      4.0045  Siess     
    2.420000      4.0051      1.5343      4.2856      4.0051  Siess     
    2.425000      4.0056      1.5380      4.2852      4.0056  Siess     
    2.430000      4.0062      1.5416      4.2849      4.0062  Siess     
    2.435000      4.0068      1.5452      4.2845      4.0068  Siess     
    2.440000      4.0074      1.5488      4.2842      4.0074  Siess     
    2.445000      4.0080      1.5523      4.2838      4.0080  Siess     
    2.450000      4.0085      1.5559      4.2835      4.0085  Siess     
    2.455000      4.0091      1.5595      4.2831      4.0091  Siess     
    2.460000      4.0097      1.5631      4.2828      4.0097  Siess     
    2.465000      4.0102      1.5666      4.2824      4.0102  Siess     
    2.470000      4.0108      1.5702      4.2821      4.0108  Siess     
    2.475000      4.0114      1.5737      4.2817      4.0114  Siess     
    2.480000      4.0120      1.5772      4.2814      4.0120  Siess     
    2.485000      4.0125      1.5808      4.2810      4.0125  Siess     
    2.490000      4.0131      1.5843      4.2807      4.0131  Siess     
    2.495000      4.0137      1.5878      4.2803      4.0137  Siess     
    2.500000      4.0142      1.5913      4.2800      4.0142  Siess     
    2.505000      4.0148      1.5948      4.2795      4.0148  Siess     
    2.510000      4.0153      1.5983      4.2790      4.0153  Siess     
    2.515000      4.0159      1.6018      4.2785      4.0159  Siess     
    2.520000      4.0164      1.6053      4.2781      4.0164  Siess     
    2.525000      4.0169      1.6088      4.2776      4.0169  Siess     
    2.530000      4.0175      1.6123      4.2771      4.0175  Siess     
    2.535000      4.0180      1.6158      4.2766      4.0180  Siess     
    2.540000      4.0185      1.6192      4.2761      4.0185  Siess     
    2.545000      4.0191      1.6227      4.2757      4.0191  Siess     
    2.550000      4.0196      1.6262      4.2752      4.0196  Siess     
    2.555000      4.0201      1.6296      4.2747      4.0201  Siess     
    2.560000      4.0207      1.6330      4.2742      4.0207  Siess     
    2.565000      4.0212      1.6365      4.2737      4.0212  Siess     
    2.570000      4.0217      1.6399      4.2733      4.0217  Siess     
    2.575000      4.0223      1.6433      4.2728      4.0223  Siess     
    2.580000      4.0228      1.6467      4.2723      4.0228  Siess     
    2.585000      4.0233      1.6501      4.2719      4.0233  Siess     
    2.590000      4.0239      1.6535      4.2714      4.0239  Siess     
    2.595000      4.0244      1.6569      4.2709      4.0244  Siess     
    2.600000      4.0249      1.6603      4.2704      4.0249  Siess     
    2.605000      4.0254      1.6637      4.2700      4.0254  Siess     
    2.610000      4.0259      1.6671      4.2695      4.0259  Siess     
    2.615000      4.0265      1.6704      4.2690      4.0265  Siess     
    2.620000      4.0270      1.6738      4.2686      4.0270  Siess     
    2.625000      4.0275      1.6772      4.2681      4.0275  Siess     
    2.630000      4.0280      1.6805      4.2676      4.0280  Siess     
    2.635000      4.0285      1.6838      4.2672      4.0285  Siess     
    2.640000      4.0291      1.6872      4.2667      4.0291  Siess     
    2.645000      4.0296      1.6905      4.2663      4.0296  Siess     
    2.650000      4.0301      1.6938      4.2658      4.0301  Siess     
    2.655000      4.0306      1.6971      4.2653      4.0306  Siess     
    2.660000      4.0311      1.7005      4.2649      4.0311  Siess     
    2.665000      4.0316      1.7038      4.2644      4.0316  Siess     
    2.670000      4.0321      1.7071      4.2640      4.0321  Siess     
    2.675000      4.0326      1.7103      4.2635      4.0326  Siess     
    2.680000      4.0332      1.7136      4.2631      4.0332  Siess     
    2.685000      4.0337      1.7169      4.2626      4.0337  Siess     
    2.690000      4.0342      1.7202      4.2621      4.0342  Siess     
    2.695000      4.0347      1.7235      4.2617      4.0347  Siess     
    2.700000      4.0352      1.7267      4.2612      4.0352  Siess     
    2.705000      4.0357      1.7300      4.2608      4.0357  Siess     
    2.710000      4.0361      1.7332      4.2603      4.0361  Siess     
    2.715000      4.0366      1.7365      4.2598      4.0366  Siess     
    2.720000      4.0371      1.7398      4.2594      4.0371  Siess     
    2.725000      4.0375      1.7430      4.2589      4.0375  Siess     
    2.730000      4.0380      1.7462      4.2584      4.0380  Siess     
    2.735000      4.0385      1.7495      4.2580      4.0385  Siess     
    2.740000      4.0389      1.7527      4.2575      4.0389  Siess     
    2.745000      4.0394      1.7559      4.2570      4.0394  Siess     
    2.750000      4.0399      1.7591      4.2566      4.0399  Siess     
    2.755000      4.0403      1.7624      4.2561      4.0403  Siess     
    2.760000      4.0408      1.7656      4.2556      4.0408  Siess     
    2.765000      4.0413      1.7688      4.2552      4.0413  Siess     
    2.770000      4.0417      1.7720      4.2547      4.0417  Siess     
    2.775000      4.0422      1.7751      4.2542      4.0422  Siess     
    2.780000      4.0427      1.7783      4.2538      4.0427  Siess     
    2.785000      4.0431      1.7815      4.2533      4.0431  Siess     
    2.790000      4.0436      1.7847      4.2529      4.0436  Siess     
    2.795000      4.0440      1.7878      4.2524      4.0440  Siess     
    2.800000      4.0445      1.7910      4.2519      4.0445  Siess     
    2.805000      4.0449      1.7942      4.2515      4.0449  Siess     
    2.810000      4.0454      1.7973      4.2510      4.0454  Siess     
    2.815000      4.0459      1.8004      4.2506      4.0459  Siess     
    2.820000      4.0463      1.8036      4.2501      4.0463  Siess     
    2.825000      4.0468      1.8067      4.2497      4.0468  Siess     
    2.830000      4.0472      1.8098      4.2492      4.0472  Siess     
    2.835000      4.0477      1.8130      4.2488      4.0477  Siess     
    2.840000      4.0481      1.8161      4.2483      4.0481  Siess     
    2.845000      4.0486      1.8192      4.2479      4.0486  Siess     
    2.850000      4.0490      1.8223      4.2474      4.0490  Siess     
    2.855000      4.0495      1.8254      4.2470      4.0495  Siess     
    2.860000      4.0499      1.8285      4.2465      4.0499  Siess     
    2.865000      4.0504      1.8316      4.2461      4.0504  Siess     
    2.870000      4.0508      1.8346      4.2456      4.0508  Siess     
    2.875000      4.0513      1.8377      4.2452      4.0513  Siess     
    2.880000      4.0517      1.8408      4.2447      4.0517  Siess     
    2.885000      4.0522      1.8439      4.2443      4.0522  Siess     
    2.890000      4.0526      1.8469      4.2439      4.0526  Siess     
    2.895000      4.0530      1.8500      4.2434      4.0530  Siess     
    2.900000      4.0535      1.8530      4.2430      4.0535  Siess     
    2.905000      4.0539      1.8561      4.2425      4.0539  Siess     
    2.910000      4.0544      1.8591      4.2421      4.0544  Siess     
    2.915000      4.0548      1.8621      4.2417      4.0548  Siess     
    2.920000      4.0552      1.8652      4.2412      4.0552  Siess     
    2.925000      4.0557      1.8682      4.2408      4.0557  Siess     
    2.930000      4.0561      1.8712      4.2403      4.0561  Siess     
    2.935000      4.0566      1.8742      4.2399      4.0566  Siess     
    2.940000      4.0570      1.8772      4.2395      4.0570  Siess     
    2.945000      4.0574      1.8802      4.2390      4.0574  Siess     
    2.950000      4.0579      1.8832      4.2386      4.0579  Siess     
    2.955000      4.0583      1.8862      4.2382      4.0583  Siess     
    2.960000      4.0587      1.8892      4.2377      4.0587  Siess     
    2.965000      4.0592      1.8922      4.2373      4.0592  Siess     
    2.970000      4.0596      1.8952      4.2369      4.0596  Siess     
    2.975000      4.0600      1.8982      4.2365      4.0600  Siess     
    2.980000      4.0604      1.9011      4.2360      4.0604  Siess     
    2.985000      4.0609      1.9041      4.2356      4.0609  Siess     
    2.990000      4.0613      1.9071      4.2352      4.0613  Siess     
    2.995000      4.0617      1.9100      4.2347      4.0617  Siess     
    3.000000      4.0622      1.9130      4.2343      4.0622  Siess     
    3.005000      4.0625      1.9160      4.2337      4.0625  Siess     
    3.010000      4.0629      1.9189      4.2331      4.0629  Siess     
    3.015000      4.0633      1.9219      4.2324      4.0633  Siess     
    3.020000      4.0637      1.9249      4.2318      4.0637  Siess     
    3.025000      4.0640      1.9279      4.2312      4.0640  Siess     
    3.030000      4.0644      1.9309      4.2306      4.0644  Siess     
    3.035000      4.0648      1.9338      4.2300      4.0648  Siess     
    3.040000      4.0651      1.9368      4.2293      4.0651  Siess     
    3.045000      4.0655      1.9397      4.2287      4.0655  Siess     
    3.050000      4.0659      1.9427      4.2281      4.0659  Siess     
    3.055000      4.0662      1.9456      4.2275      4.0662  Siess     
    3.060000      4.0666      1.9486      4.2269      4.0666  Siess     
    3.065000      4.0670      1.9515      4.2263      4.0670  Siess     
    3.070000      4.0673      1.9544      4.2256      4.0673  Siess     
    3.075000      4.0677      1.9574      4.2250      4.0677  Siess     
    3.080000      4.0681      1.9603      4.2244      4.0681  Siess     
    3.085000      4.0684      1.9632      4.2238      4.0684  Siess     
    3.090000      4.0688      1.9661      4.2232      4.0688  Siess     
    3.095000      4.0692      1.9690      4.2226      4.0692  Siess     
    3.100000      4.0695      1.9719      4.2220      4.0695  Siess     
    3.105000      4.0699      1.9748      4.2214      4.0699  Siess     
    3.110000      4.0702      1.9777      4.2208      4.0702  Siess     
    3.115000      4.0706      1.9806      4.2202      4.0706  Siess     
    3.120000      4.0710      1.9835      4.2196      4.0710  Siess     
    3.125000      4.0713      1.9864      4.2190      4.0713  Siess     
    3.130000      4.0717      1.9893      4.2184      4.0717  Siess     
    3.135000      4.0720      1.9921      4.2178      4.0720  Siess     
    3.140000      4.0724      1.9950      4.2172      4.0724  Siess     
    3.145000      4.0728      1.9979      4.2166      4.0728  Siess     
    3.150000      4.0731      2.0007      4.2160      4.0731  Siess     
    3.155000      4.0735      2.0036      4.2154      4.0735  Siess     
    3.160000      4.0738      2.0064      4.2148      4.0738  Siess     
    3.165000      4.0742      2.0093      4.2142      4.0742  Siess     
    3.170000      4.0745      2.0121      4.2136      4.0745  Siess     
    3.175000      4.0749      2.0149      4.2130      4.0749  Siess     
    3.180000      4.0752      2.0178      4.2124      4.0752  Siess     
    3.185000      4.0756      2.0206      4.2118      4.0756  Siess     
    3.190000      4.0759      2.0234      4.2112      4.0759  Siess     
    3.195000      4.0763      2.0262      4.2107      4.0763  Siess     
    3.200000      4.0767      2.0290      4.2101      4.0767  Siess     
    3.205000      4.0770      2.0318      4.2095      4.0770  Siess     
    3.210000      4.0774      2.0346      4.2089      4.0774  Siess     
    3.215000      4.0777      2.0374      4.2083      4.0777  Siess     
    3.220000      4.0781      2.0402      4.2077      4.0781  Siess     
    3.225000      4.0784      2.0430      4.2071      4.0784  Siess     
    3.230000      4.0787      2.0458      4.2066      4.0787  Siess     
    3.235000      4.0791      2.0486      4.2060      4.0791  Siess     
    3.240000      4.0794      2.0514      4.2054      4.0794  Siess     
    3.245000      4.0798      2.0541      4.2048      4.0798  Siess     
    3.250000      4.0801      2.0569      4.2042      4.0801  Siess     
    3.255000      4.0805      2.0597      4.2037      4.0805  Siess     
    3.260000      4.0808      2.0624      4.2031      4.0808  Siess     
    3.265000      4.0812      2.0652      4.2025      4.0812  Siess     
    3.270000      4.0815      2.0680      4.2019      4.0815  Siess     
    3.275000      4.0819      2.0707      4.2014      4.0819  Siess     
    3.280000      4.0822      2.0734      4.2008      4.0822  Siess     
    3.285000      4.0825      2.0762      4.2002      4.0825  Siess     
    3.290000      4.0829      2.0789      4.1996      4.0829  Siess     
    3.295000      4.0832      2.0817      4.1991      4.0832  Siess     
    3.300000      4.0836      2.0844      4.1985      4.0836  Siess     
    3.305000      4.0839      2.0871      4.1979      4.0839  Siess     
    3.310000      4.0842      2.0898      4.1974      4.0842  Siess     
    3.315000      4.0846      2.0925      4.1968      4.0846  Siess     
    3.320000      4.0849      2.0952      4.1962      4.0849  Siess     
    3.325000      4.0853      2.0980      4.1957      4.0853  Siess     
    3.330000      4.0856      2.1007      4.1951      4.0856  Siess     
    3.335000      4.0859      2.1034      4.1945      4.0859  Siess     
    3.340000      4.0863      2.1060      4.1940      4.0863  Siess     
    3.345000      4.0866      2.1087      4.1934      4.0866  Siess     
    3.350000      4.0869      2.1114      4.1928      4.0869  Siess     
    3.355000      4.0873      2.1141      4.1923      4.0873  Siess     
    3.360000      4.0876      2.1168      4.1917      4.0876  Siess     
    3.365000      4.0879      2.1195      4.1912      4.0879  Siess     
    3.370000      4.0883      2.1221      4.1906      4.0883  Siess     
    3.375000      4.0886      2.1248      4.1901      4.0886  Siess     
    3.380000      4.0889      2.1275      4.1895      4.0889  Siess     
    3.385000      4.0893      2.1301      4.1889      4.0893  Siess     
    3.390000      4.0896      2.1328      4.1884      4.0896  Siess     
    3.395000      4.0899      2.1354      4.1878      4.0899  Siess     
    3.400000      4.0903      2.1381      4.1873      4.0903  Siess     
    3.405000      4.0906      2.1407      4.1867      4.0906  Siess     
    3.410000      4.0909      2.1434      4.1862      4.0909  Siess     
    3.415000      4.0913      2.1460      4.1856      4.0913  Siess     
    3.420000      4.0916      2.1486      4.1851      4.0916  Siess     
    3.425000      4.0919      2.1512      4.1845      4.0919  Siess     
    3.430000      4.0922      2.1539      4.1840      4.0922  Siess     
    3.435000      4.0926      2.1565      4.1834      4.0926  Siess     
    3.440000      4.0929      2.1591      4.1829      4.0929  Siess     
    3.445000      4.0932      2.1617      4.1823      4.0932  Siess     
    3.450000      4.0935      2.1643      4.1818      4.0935  Siess     
    3.455000      4.0939      2.1669      4.1813      4.0939  Siess     
    3.460000      4.0942      2.1695      4.1807      4.0942  Siess     
    3.465000      4.0945      2.1721      4.1802      4.0945  Siess     
    3.470000      4.0948      2.1747      4.1796      4.0948  Siess     
    3.475000      4.0952      2.1773      4.1791      4.0952  Siess     
    3.480000      4.0955      2.1799      4.1785      4.0955  Siess     
    3.485000      4.0958      2.1825      4.1780      4.0958  Siess     
    3.490000      4.0961      2.1851      4.1775      4.0961  Siess     
    3.495000      4.0965      2.1876      4.1769      4.0965  Siess     
    3.500000      4.0968      2.1902      4.1764      4.0968  Siess     
    3.505000      4.0971      2.1928      4.1757      4.0971  Siess     
    3.510000      4.0974      2.1954      4.1750      4.0974  Siess     
    3.515000      4.0978      2.1980      4.1743      4.0978  Siess     
    3.520000      4.0981      2.2006      4.1736      4.0981  Siess     
    3.525000      4.0984      2.2032      4.1729      4.0984  Siess     
    3.530000      4.0988      2.2057      4.1721      4.0988  Siess     
    3.535000      4.0991      2.2083      4.1714      4.0991  Siess     
    3.540000      4.0994      2.2109      4.1707      4.0994  Siess     
    3.545000      4.0997      2.2134      4.1700      4.0997  Siess     
    3.550000      4.1001      2.2160      4.1693      4.1001  Siess     
    3.555000      4.1004      2.2186      4.1686      4.1004  Siess     
    3.560000      4.1007      2.2211      4.1679      4.1007  Siess     
    3.565000      4.1010      2.2237      4.1672      4.1010  Siess     
    3.570000      4.1014      2.2262      4.1665      4.1014  Siess     
    3.575000      4.1017      2.2288      4.1658      4.1017  Siess     
    3.580000      4.1020      2.2313      4.1652      4.1020  Siess     
    3.585000      4.1023      2.2338      4.1645      4.1023  Siess     
    3.590000      4.1027      2.2364      4.1638      4.1027  Siess     
    3.595000      4.1030      2.2389      4.1631      4.1030  Siess     
    3.600000      4.1033      2.2414      4.1624      4.1033  Siess     
    3.605000      4.1036      2.2440      4.1617      4.1036  Siess     
    3.610000      4.1040      2.2465      4.1610      4.1040  Siess     
    3.615000      4.1043      2.2490      4.1603      4.1043  Siess     
    3.620000      4.1046      2.2515      4.1596      4.1046  Siess     
    3.625000      4.1049      2.2540      4.1589      4.1049  Siess     
    3.630000      4.1052      2.2565      4.1583      4.1052  Siess     
    3.635000      4.1056      2.2590      4.1576      4.1056  Siess     
    3.640000      4.1059      2.2615      4.1569      4.1059  Siess     
    3.645000      4.1062      2.2640      4.1562      4.1062  Siess     
    3.650000      4.1065      2.2665      4.1555      4.1065  Siess     
    3.655000      4.1068      2.2690      4.1548      4.1068  Siess     
    3.660000      4.1071      2.2715      4.1542      4.1071  Siess     
    3.665000      4.1075      2.2740      4.1535      4.1075  Siess     
    3.670000      4.1078      2.2765      4.1528      4.1078  Siess     
    3.675000      4.1081      2.2789      4.1521      4.1081  Siess     
    3.680000      4.1084      2.2814      4.1515      4.1084  Siess     
    3.685000      4.1087      2.2839      4.1508      4.1087  Siess     
    3.690000      4.1090      2.2863      4.1501      4.1090  Siess     
    3.695000      4.1094      2.2888      4.1494      4.1094  Siess     
    3.700000      4.1097      2.2913      4.1488      4.1097  Siess     
    3.705000      4.1100      2.2937      4.1481      4.1100  Siess     
    3.710000      4.1103      2.2962      4.1474      4.1103  Siess     
    3.715000      4.1106      2.2986      4.1467      4.1106  Siess     
    3.720000      4.1109      2.3011      4.1461      4.1109  Siess     
    3.725000      4.1112      2.3035      4.1454      4.1112  Siess     
    3.730000      4.1115      2.3059      4.1447      4.1115  Siess     
    3.735000      4.1119      2.3084      4.1441      4.1119  Siess     
    3.740000      4.1122      2.3108      4.1434      4.1122  Siess     
    3.745000      4.1125      2.3132      4.1428      4.1125  Siess     
    3.750000      4.1128      2.3157      4.1421      4.1128  Siess     
    3.755000      4.1131      2.3181      4.1414      4.1131  Siess     
    3.760000      4.1134      2.3205      4.1408      4.1134  Siess     
    3.765000      4.1137      2.3229      4.1401      4.1137  Siess     
    3.770000      4.1140      2.3253      4.1394      4.1140  Siess     
    3.775000      4.1143      2.3278      4.1388      4.1143  Siess     
    3.780000      4.1146      2.3302      4.1381      4.1146  Siess     
    3.785000      4.1149      2.3326      4.1375      4.1149  Siess     
    3.790000      4.1152      2.3350      4.1368      4.1152  Siess     
    3.795000      4.1155      2.3374      4.1362      4.1155  Siess     
    3.800000      4.1159      2.3398      4.1355      4.1159  Siess     
    3.805000      4.1162      2.3421      4.1348      4.1162  Siess     
    3.810000      4.1165      2.3445      4.1342      4.1165  Siess     
    3.815000      4.1168      2.3469      4.1335      4.1168  Siess     
    3.820000      4.1171      2.3493      4.1329      4.1171  Siess     
    3.825000      4.1174      2.3517      4.1322      4.1174  Siess     
    3.830000      4.1177      2.3541      4.1316      4.1177  Siess     
    3.835000      4.1180      2.3564      4.1309      4.1180  Siess     
    3.840000      4.1183      2.3588      4.1303      4.1183  Siess     
    3.845000      4.1186      2.3612      4.1296      4.1186  Siess     
    3.850000      4.1189      2.3635      4.1290      4.1189  Siess     
    3.855000      4.1192      2.3659      4.1284      4.1192  Siess     
    3.860000      4.1195      2.3682      4.1277      4.1195  Siess     
    3.865000      4.1198      2.3706      4.1271      4.1198  Siess     
    3.870000      4.1201      2.3730      4.1264      4.1201  Siess     
    3.875000      4.1204      2.3753      4.1258      4.1204  Siess     
    3.880000      4.1207      2.3776      4.1251      4.1207  Siess     
    3.885000      4.1210      2.3800      4.1245      4.1210  Siess     
    3.890000      4.1213      2.3823      4.1239      4.1213  Siess     
    3.895000      4.1216      2.3847      4.1232      4.1216  Siess     
    3.900000      4.1219      2.3870      4.1226      4.1219  Siess     
    3.905000      4.1222      2.3893      4.1220      4.1222  Siess     
    3.910000      4.1225      2.3916      4.1213      4.1225  Siess     
    3.915000      4.1228      2.3940      4.1207      4.1228  Siess     
    3.920000      4.1231      2.3963      4.1200      4.1231  Siess     
    3.925000      4.1234      2.3986      4.1194      4.1234  Siess     
    3.930000      4.1237      2.4009      4.1188      4.1237  Siess     
    3.935000      4.1240      2.4032      4.1181      4.1240  Siess     
    3.940000      4.1242      2.4055      4.1175      4.1242  Siess     
    3.945000      4.1245      2.4079      4.1169      4.1245  Siess     
    3.950000      4.1248      2.4102      4.1163      4.1248  Siess     
    3.955000      4.1251      2.4125      4.1156      4.1251  Siess     
    3.960000      4.1254      2.4148      4.1150      4.1254  Siess     
    3.965000      4.1257      2.4171      4.1144      4.1257  Siess     
    3.970000      4.1260      2.4193      4.1137      4.1260  Siess     
    3.975000      4.1263      2.4216      4.1131      4.1263  Siess     
    3.980000      4.1266      2.4239      4.1125      4.1266  Siess     
    3.985000      4.1269      2.4262      4.1119      4.1269  Siess     
    3.990000      4.1272      2.4285      4.1112      4.1272  Siess     
    3.995000      4.1275      2.4308      4.1106      4.1275  Siess     
    4.000000      4.1278      2.4330      4.1100      4.1278  Siess     
    4.005000      4.1279      2.4356      4.1086      4.1279  Siess     
    4.010000      4.1280      2.4381      4.1072      4.1280  Siess     
    4.015000      4.1282      2.4406      4.1058      4.1282  Siess     
    4.020000      4.1283      2.4431      4.1044      4.1283  Siess     
    4.025000      4.1285      2.4456      4.1030      4.1285  Siess     
    4.030000      4.1286      2.4481      4.1016      4.1286  Siess     
    4.035000      4.1287      2.4507      4.1002      4.1287  Siess     
    4.040000      4.1289      2.4532      4.0989      4.1289  Siess     
    4.045000      4.1290      2.4557      4.0975      4.1290  Siess     
    4.050000      4.1292      2.4582      4.0961      4.1292  Siess     
    4.055000      4.1293      2.4607      4.0947      4.1293  Siess     
    4.060000      4.1294      2.4631      4.0933      4.1294  Siess     
    4.065000      4.1296      2.4656      4.0919      4.1296  Siess     
    4.070000      4.1297      2.4681      4.0906      4.1297  Siess     
    4.075000      4.1299      2.4706      4.0892      4.1299  Siess     
    4.080000      4.1300      2.4731      4.0878      4.1300  Siess     
    4.085000      4.1301      2.4756      4.0864      4.1301  Siess     
    4.090000      4.1303      2.4780      4.0851      4.1303  Siess     
    4.095000      4.1304      2.4805      4.0837      4.1304  Siess     
    4.100000      4.1306      2.4830      4.0823      4.1306  Siess     
    4.105000      4.1307      2.4854      4.0810      4.1307  Siess     
    4.110000      4.1308      2.4879      4.0796      4.1308  Siess     
    4.115000      4.1310      2.4904      4.0782      4.1310  Siess     
    4.120000      4.1311      2.4928      4.0769      4.1311  Siess     
    4.125000      4.1313      2.4953      4.0755      4.1313  Siess     
    4.130000      4.1314      2.4977      4.0742      4.1314  Siess     
    4.135000      4.1315      2.5002      4.0728      4.1315  Siess     
    4.140000      4.1317      2.5026      4.0715      4.1317  Siess     
    4.145000      4.1318      2.5051      4.0701      4.1318  Siess     
    4.150000      4.1319      2.5075      4.0688      4.1319  Siess     
    4.155000      4.1321      2.5099      4.0674      4.1321  Siess     
    4.160000      4.1322      2.5124      4.0661      4.1322  Siess     
    4.165000      4.1323      2.5148      4.0647      4.1323  Siess     
    4.170000      4.1325      2.5172      4.0634      4.1325  Siess     
    4.175000      4.1326      2.5196      4.0620      4.1326  Siess     
    4.180000      4.1328      2.5221      4.0607      4.1328  Siess     
    4.185000      4.1329      2.5245      4.0593      4.1329  Siess     
    4.190000      4.1330      2.5269      4.0580      4.1330  Siess     
    4.195000      4.1332      2.5293      4.0567      4.1332  Siess     
    4.200000      4.1333      2.5317      4.0553      4.1333  Siess     
    4.205000      4.1334      2.5341      4.0540      4.1334  Siess     
    4.210000      4.1336      2.5365      4.0527      4.1336  Siess     
    4.215000      4.1337      2.5389      4.0513      4.1337  Siess     
    4.220000      4.1338      2.5413      4.0500      4.1338  Siess     
    4.225000      4.1340      2.5437      4.0487      4.1340  Siess     
    4.230000      4.1341      2.5461      4.0474      4.1341  Siess     
    4.235000      4.1342      2.5485      4.0460      4.1342  Siess     
    4.240000      4.1344      2.5509      4.0447      4.1344  Siess     
    4.245000      4.1345      2.5533      4.0434      4.1345  Siess     
    4.250000      4.1346      2.5556      4.0421      4.1346  Siess     
    4.255000      4.1348      2.5580      4.0408      4.1348  Siess     
    4.260000      4.1349      2.5604      4.0394      4.1349  Siess     
    4.265000      4.1350      2.5628      4.0381      4.1350  Siess     
    4.270000      4.1352      2.5651      4.0368      4.1352  Siess     
    4.275000      4.1353      2.5675      4.0355      4.1353  Siess     
    4.280000      4.1354      2.5699      4.0342      4.1354  Siess     
    4.285000      4.1356      2.5722      4.0329      4.1356  Siess     
    4.290000      4.1357      2.5746      4.0316      4.1357  Siess     
    4.295000      4.1358      2.5770      4.0303      4.1358  Siess     
    4.300000      4.1360      2.5793      4.0290      4.1360  Siess     
    4.305000      4.1361      2.5817      4.0277      4.1361  Siess     
    4.310000      4.1362      2.5840      4.0264      4.1362  Siess     
    4.315000      4.1364      2.5863      4.0251      4.1364  Siess     
    4.320000      4.1365      2.5887      4.0238      4.1365  Siess     
    4.325000      4.1366      2.5910      4.0225      4.1366  Siess     
    4.330000      4.1368      2.5934      4.0212      4.1368  Siess     
    4.335000      4.1369      2.5957      4.0199      4.1369  Siess     
    4.340000      4.1370      2.5980      4.0186      4.1370  Siess     
    4.345000      4.1372      2.6004      4.0173      4.1372  Siess     
    4.350000      4.1373      2.6027      4.0160      4.1373  Siess     
    4.355000      4.1374      2.6050      4.0147      4.1374  Siess     
    4.360000      4.1375      2.6073      4.0135      4.1375  Siess     
    4.365000      4.1377      2.6097      4.0122      4.1377  Siess     
    4.370000      4.1378      2.6120      4.0109      4.1378  Siess     
    4.375000      4.1379      2.6143      4.0096      4.1379  Siess     
    4.380000      4.1381      2.6166      4.0083      4.1381  Siess     
    4.385000      4.1382      2.6189      4.0070      4.1382  Siess     
    4.390000      4.1383      2.6212      4.0058      4.1383  Siess     
    4.395000      4.1385      2.6235      4.0045      4.1385  Siess     
    4.400000      4.1386      2.6258      4.0032      4.1386  Siess     
    4.405000      4.1387      2.6281      4.0019      4.1387  Siess     
    4.410000      4.1388      2.6304      4.0007      4.1388  Siess     
    4.415000      4.1390      2.6327      3.9994      4.1390  Siess     
    4.420000      4.1391      2.6350      3.9981      4.1391  Siess     
    4.425000      4.1392      2.6373      3.9969      4.1392  Siess     
    4.430000      4.1394      2.6395      3.9956      4.1394  Siess     
    4.435000      4.1395      2.6418      3.9943      4.1395  Siess     
    4.440000      4.1396      2.6441      3.9931      4.1396  Siess     
    4.445000      4.1397      2.6464      3.9918      4.1397  Siess     
    4.450000      4.1399      2.6487      3.9906      4.1399  Siess     
    4.455000      4.1400      2.6509      3.9893      4.1400  Siess     
    4.460000      4.1401      2.6532      3.9880      4.1401  Siess     
    4.465000      4.1402      2.6555      3.9868      4.1402  Siess     
    4.470000      4.1404      2.6577      3.9855      4.1404  Siess     
    4.475000      4.1405      2.6600      3.9843      4.1405  Siess     
    4.480000      4.1406      2.6622      3.9830      4.1406  Siess     
    4.485000      4.1408      2.6645      3.9818      4.1408  Siess     
    4.490000      4.1409      2.6668      3.9805      4.1409  Siess     
    4.495000      4.1410      2.6690      3.9793      4.1410  Siess     
    4.500000      4.1411      2.6713      3.9780      4.1411  Siess     
    4.505000      4.1413      2.6735      3.9768      4.1413  Siess     
    4.510000      4.1414      2.6757      3.9756      4.1414  Siess     
    4.515000      4.1415      2.6780      3.9743      4.1415  Siess     
    4.520000      4.1416      2.6802      3.9731      4.1416  Siess     
    4.525000      4.1418      2.6825      3.9718      4.1418  Siess     
    4.530000      4.1419      2.6847      3.9706      4.1419  Siess     
    4.535000      4.1420      2.6869      3.9694      4.1420  Siess     
    4.540000      4.1421      2.6892      3.9681      4.1421  Siess     
    4.545000      4.1423      2.6914      3.9669      4.1423  Siess     
    4.550000      4.1424      2.6936      3.9657      4.1424  Siess     
    4.555000      4.1425      2.6958      3.9644      4.1425  Siess     
    4.560000      4.1426      2.6980      3.9632      4.1426  Siess     
    4.565000      4.1428      2.7003      3.9620      4.1428  Siess     
    4.570000      4.1429      2.7025      3.9607      4.1429  Siess     
    4.575000      4.1430      2.7047      3.9595      4.1430  Siess     
    4.580000      4.1431      2.7069      3.9583      4.1431  Siess     
    4.585000      4.1433      2.7091      3.9571      4.1433  Siess     
    4.590000      4.1434      2.7113      3.9559      4.1434  Siess     
    4.595000      4.1435      2.7135      3.9546      4.1435  Siess     
    4.600000      4.1436      2.7157      3.9534      4.1436  Siess     
    4.605000      4.1438      2.7179      3.9522      4.1438  Siess     
    4.610000      4.1439      2.7201      3.9510      4.1439  Siess     
    4.615000      4.1440      2.7223      3.9498      4.1440  Siess     
    4.620000      4.1441      2.7245      3.9486      4.1441  Siess     
    4.625000      4.1442      2.7267      3.9473      4.1442  Siess     
    4.630000      4.1444      2.7289      3.9461      4.1444  Siess     
    4.635000      4.1445      2.7310      3.9449      4.1445  Siess     
    4.640000      4.1446      2.7332      3.9437      4.1446  Siess     
    4.645000      4.1447      2.7354      3.9425      4.1447  Siess     
    4.650000      4.1449      2.7376      3.9413      4.1449  Siess     
    4.655000      4.1450      2.7397      3.9401      4.1450  Siess     
    4.660000      4.1451      2.7419      3.9389      4.1451  Siess     
    4.665000      4.1452      2.7441      3.9377      4.1452  Siess     
    4.670000      4.1453      2.7463      3.9365      4.1453  Siess     
    4.675000      4.1455      2.7484      3.9353      4.1455  Siess     
    4.680000      4.1456      2.7506      3.9341      4.1456  Siess     
    4.685000      4.1457      2.7527      3.9329      4.1457  Siess     
    4.690000      4.1458      2.7549      3.9317      4.1458  Siess     
    4.695000      4.1460      2.7571      3.9305      4.1460  Siess     
    4.700000      4.1461      2.7592      3.9293      4.1461  Siess     
    4.705000      4.1462      2.7614      3.9281      4.1462  Siess     
    4.710000      4.1463      2.7635      3.9269      4.1463  Siess     
    4.715000      4.1464      2.7657      3.9258      4.1464  Siess     
    4.720000      4.1466      2.7678      3.9246      4.1466  Siess     
    4.725000      4.1467      2.7699      3.9234      4.1467  Siess     
    4.730000      4.1468      2.7721      3.9222      4.1468  Siess     
    4.735000      4.1469      2.7742      3.9210      4.1469  Siess     
    4.740000      4.1470      2.7763      3.9198      4.1470  Siess     
    4.745000      4.1472      2.7785      3.9186      4.1472  Siess     
    4.750000      4.1473      2.7806      3.9175      4.1473  Siess     
    4.755000      4.1474      2.7827      3.9163      4.1474  Siess     
    4.760000      4.1475      2.7849      3.9151      4.1475  Siess     
    4.765000      4.1476      2.7870      3.9139      4.1476  Siess     
    4.770000      4.1478      2.7891      3.9128      4.1478  Siess     
    4.775000      4.1479      2.7912      3.9116      4.1479  Siess     
    4.780000      4.1480      2.7933      3.9104      4.1480  Siess     
    4.785000      4.1481      2.7955      3.9092      4.1481  Siess     
    4.790000      4.1482      2.7976      3.9081      4.1482  Siess     
    4.795000      4.1483      2.7997      3.9069      4.1483  Siess     
    4.800000      4.1485      2.8018      3.9057      4.1485  Siess     
    4.805000      4.1486      2.8039      3.9046      4.1486  Siess     
    4.810000      4.1487      2.8060      3.9034      4.1487  Siess     
    4.815000      4.1488      2.8081      3.9022      4.1488  Siess     
    4.820000      4.1489      2.8102      3.9011      4.1489  Siess     
    4.825000      4.1491      2.8123      3.8999      4.1491  Siess     
    4.830000      4.1492      2.8144      3.8988      4.1492  Siess     
    4.835000      4.1493      2.8165      3.8976      4.1493  Siess     
    4.840000      4.1494      2.8186      3.8964      4.1494  Siess     
    4.845000      4.1495      2.8207      3.8953      4.1495  Siess     
    4.850000      4.1496      2.8227      3.8941      4.1496  Siess     
    4.855000      4.1498      2.8248      3.8930      4.1498  Siess     
    4.860000      4.1499      2.8269      3.8918      4.1499  Siess     
    4.865000      4.1500      2.8290      3.8907      4.1500  Siess     
    4.870000      4.1501      2.8311      3.8895      4.1501  Siess     
    4.875000      4.1502      2.8331      3.8884      4.1502  Siess     
    4.880000      4.1503      2.8352      3.8872      4.1503  Siess     
    4.885000      4.1505      2.8373      3.8861      4.1505  Siess     
    4.890000      4.1506      2.8394      3.8849      4.1506  Siess     
    4.895000      4.1507      2.8414      3.8838      4.1507  Siess     
    4.900000      4.1508      2.8435      3.8826      4.1508  Siess     
    4.905000      4.1509      2.8456      3.8815      4.1509  Siess     
    4.910000      4.1510      2.8476      3.8804      4.1510  Siess     
    4.915000      4.1512      2.8497      3.8792      4.1512  Siess     
    4.920000      4.1513      2.8517      3.8781      4.1513  Siess     
    4.925000      4.1514      2.8538      3.8769      4.1514  Siess     
    4.930000      4.1515      2.8558      3.8758      4.1515  Siess     
    4.935000      4.1516      2.8579      3.8747      4.1516  Siess     
    4.940000      4.1517      2.8599      3.8735      4.1517  Siess     
    4.945000      4.1518      2.8620      3.8724      4.1518  Siess     
    4.950000      4.1520      2.8640      3.8713      4.1520  Siess     
    4.955000      4.1521      2.8661      3.8701      4.1521  Siess     
    4.960000      4.1522      2.8681      3.8690      4.1522  Siess     
    4.965000      4.1523      2.8701      3.8679      4.1523  Siess     
    4.970000      4.1524      2.8722      3.8667      4.1524  Siess     
    4.975000      4.1525      2.8742      3.8656      4.1525  Siess     
    4.980000      4.1526      2.8762      3.8645      4.1526  Siess     
    4.985000      4.1528      2.8783      3.8634      4.1528  Siess     
    4.990000      4.1529      2.8803      3.8622      4.1529  Siess     
    4.995000      4.1530      2.8823      3.8611      4.1530  Siess     
    5.000000      4.1531      2.8844      3.8600      4.1531  Siess     
    5.005000      4.1533      2.8867      3.8586      4.1533  Siess     
    5.010000      4.1535      2.8891      3.8573      4.1535  Siess     
    5.015000      4.1537      2.8915      3.8559      4.1537  Siess     
    5.020000      4.1539      2.8938      3.8545      4.1539  Siess     
    5.025000      4.1541      2.8962      3.8532      4.1541  Siess     
    5.030000      4.1543      2.8985      3.8518      4.1543  Siess     
    5.035000      4.1544      2.9009      3.8504      4.1544  Siess     
    5.040000      4.1546      2.9033      3.8491      4.1546  Siess     
    5.045000      4.1548      2.9056      3.8477      4.1548  Siess     
    5.050000      4.1550      2.9080      3.8464      4.1550  Siess     
    5.055000      4.1552      2.9103      3.8450      4.1552  Siess     
    5.060000      4.1554      2.9127      3.8436      4.1554  Siess     
    5.065000      4.1556      2.9150      3.8423      4.1556  Siess     
    5.070000      4.1558      2.9173      3.8409      4.1558  Siess     
    5.075000      4.1560      2.9197      3.8396      4.1560  Siess     
    5.080000      4.1562      2.9220      3.8382      4.1562  Siess     
    5.085000      4.1563      2.9244      3.8369      4.1563  Siess     
    5.090000      4.1565      2.9267      3.8355      4.1565  Siess     
    5.095000      4.1567      2.9290      3.8342      4.1567  Siess     
    5.100000      4.1569      2.9313      3.8328      4.1569  Siess     
    5.105000      4.1571      2.9337      3.8315      4.1571  Siess     
    5.110000      4.1573      2.9360      3.8302      4.1573  Siess     
    5.115000      4.1575      2.9383      3.8288      4.1575  Siess     
    5.120000      4.1577      2.9406      3.8275      4.1577  Siess     
    5.125000      4.1578      2.9429      3.8261      4.1578  Siess     
    5.130000      4.1580      2.9453      3.8248      4.1580  Siess     
    5.135000      4.1582      2.9476      3.8235      4.1582  Siess     
    5.140000      4.1584      2.9499      3.8221      4.1584  Siess     
    5.145000      4.1586      2.9522      3.8208      4.1586  Siess     
    5.150000      4.1588      2.9545      3.8195      4.1588  Siess     
    5.155000      4.1590      2.9568      3.8181      4.1590  Siess     
    5.160000      4.1592      2.9591      3.8168      4.1592  Siess     
    5.165000      4.1593      2.9614      3.8155      4.1593  Siess     
    5.170000      4.1595      2.9637      3.8142      4.1595  Siess     
    5.175000      4.1597      2.9660      3.8128      4.1597  Siess     
    5.180000      4.1599      2.9683      3.8115      4.1599  Siess     
    5.185000      4.1601      2.9706      3.8102      4.1601  Siess     
    5.190000      4.1603      2.9729      3.8089      4.1603  Siess     
    5.195000      4.1605      2.9751      3.8075      4.1605  Siess     
    5.200000      4.1606      2.9774      3.8062      4.1606  Siess     
    5.205000      4.1608      2.9797      3.8049      4.1608  Siess     
    5.210000      4.1610      2.9820      3.8036      4.1610  Siess     
    5.215000      4.1612      2.9843      3.8023      4.1612  Siess     
    5.220000      4.1614      2.9865      3.8010      4.1614  Siess     
    5.225000      4.1616      2.9888      3.7996      4.1616  Siess     
    5.230000      4.1618      2.9911      3.7983      4.1618  Siess     
    5.235000      4.1619      2.9933      3.7970      4.1619  Siess     
    5.240000      4.1621      2.9956      3.7957      4.1621  Siess     
    5.245000      4.1623      2.9979      3.7944      4.1623  Siess     
    5.250000      4.1625      3.0001      3.7931      4.1625  Siess     
    5.255000      4.1627      3.0024      3.7918      4.1627  Siess     
    5.260000      4.1629      3.0046      3.7905      4.1629  Siess     
    5.265000      4.1630      3.0069      3.7892      4.1630  Siess     
    5.270000      4.1632      3.0092      3.7879      4.1632  Siess     
    5.275000      4.1634      3.0114      3.7866      4.1634  Siess     
    5.280000      4.1636      3.0137      3.7853      4.1636  Siess     
    5.285000      4.1638      3.0159      3.7840      4.1638  Siess     
    5.290000      4.1639      3.0181      3.7827      4.1639  Siess     
    5.295000      4.1641      3.0204      3.7814      4.1641  Siess     
    5.300000      4.1643      3.0226      3.7801      4.1643  Siess     
    5.305000      4.1645      3.0249      3.7788      4.1645  Siess     
    5.310000      4.1647      3.0271      3.7775      4.1647  Siess     
    5.315000      4.1649      3.0293      3.7762      4.1649  Siess     
    5.320000      4.1650      3.0316      3.7749      4.1650  Siess     
    5.325000      4.1652      3.0338      3.7736      4.1652  Siess     
    5.330000      4.1654      3.0360      3.7724      4.1654  Siess     
    5.335000      4.1656      3.0382      3.7711      4.1656  Siess     
    5.340000      4.1658      3.0405      3.7698      4.1658  Siess     
    5.345000      4.1659      3.0427      3.7685      4.1659  Siess     
    5.350000      4.1661      3.0449      3.7672      4.1661  Siess     
    5.355000      4.1663      3.0471      3.7659      4.1663  Siess     
    5.360000      4.1665      3.0493      3.7647      4.1665  Siess     
    5.365000      4.1667      3.0516      3.7634      4.1667  Siess     
    5.370000      4.1668      3.0538      3.7621      4.1668  Siess     
    5.375000      4.1670      3.0560      3.7608      4.1670  Siess     
    5.380000      4.1672      3.0582      3.7596      4.1672  Siess     
    5.385000      4.1674      3.0604      3.7583      4.1674  Siess     
    5.390000      4.1675      3.0626      3.7570      4.1675  Siess     
    5.395000      4.1677      3.0648      3.7557      4.1677  Siess     
    5.400000      4.1679      3.0670      3.7545      4.1679  Siess     
    5.405000      4.1681      3.0692      3.7532      4.1681  Siess     
    5.410000      4.1683      3.0714      3.7519      4.1683  Siess     
    5.415000      4.1684      3.0736      3.7507      4.1684  Siess     
    5.420000      4.1686      3.0758      3.7494      4.1686  Siess     
    5.425000      4.1688      3.0779      3.7481      4.1688  Siess     
    5.430000      4.1690      3.0801      3.7469      4.1690  Siess     
    5.435000      4.1691      3.0823      3.7456      4.1691  Siess     
    5.440000      4.1693      3.0845      3.7444      4.1693  Siess     
    5.445000      4.1695      3.0867      3.7431      4.1695  Siess     
    5.450000      4.1697      3.0889      3.7418      4.1697  Siess     
    5.455000      4.1699      3.0910      3.7406      4.1699  Siess     
    5.460000      4.1700      3.0932      3.7393      4.1700  Siess     
    5.465000      4.1702      3.0954      3.7381      4.1702  Siess     
    5.470000      4.1704      3.0975      3.7368      4.1704  Siess     
    5.475000      4.1706      3.0997      3.7356      4.1706  Siess     
    5.480000      4.1707      3.1019      3.7343      4.1707  Siess     
    5.485000      4.1709      3.1040      3.7331      4.1709  Siess     
    5.490000      4.1711      3.1062      3.7318      4.1711  Siess     
    5.495000      4.1713      3.1084      3.7306      4.1713  Siess     
    5.500000      4.1714      3.1105      3.7293      4.1714  Siess     
    5.505000      4.1716      3.1127      3.7281      4.1716  Siess     
    5.510000      4.1718      3.1148      3.7268      4.1718  Siess     
    5.510000      4.1863      3.1319      3.7382      4.1863  Padova    
    5.513772      4.1862      3.1337      3.7365      4.1862  Padova    
    5.515000      4.1861      3.1343      3.7358      4.1861  Padova    
    5.520000      4.1859      3.1368      3.7328      4.1859  Padova    
    5.525000      4.1857      3.1393      3.7299      4.1857  Padova    
    5.530000      4.1855      3.1417      3.7269      4.1855  Padova    
    5.535000      4.1853      3.1442      3.7240      4.1853  Padova    
    5.540000      4.1850      3.1467      3.7210      4.1850  Padova    
    5.545000      4.1848      3.1491      3.7181      4.1848  Padova    
    5.550000      4.1846      3.1516      3.7152      4.1846  Padova    
    5.555000      4.1844      3.1541      3.7122      4.1844  Padova    
    5.560000      4.1842      3.1565      3.7093      4.1842  Padova    
    5.565000      4.1840      3.1590      3.7064      4.1840  Padova    
    5.570000      4.1837      3.1614      3.7034      4.1837  Padova    
    5.575000      4.1835      3.1639      3.7005      4.1835  Padova    
    5.580000      4.1833      3.1663      3.6976      4.1833  Padova    
    5.585000      4.1831      3.1688      3.6947      4.1831  Padova    
    5.590000      4.1829      3.1712      3.6918      4.1829  Padova    
    5.595000      4.1827      3.1737      3.6889      4.1827  Padova    
    5.600000      4.1824      3.1761      3.6859      4.1824  Padova    
    5.605000      4.1822      3.1785      3.6830      4.1822  Padova    
    5.610000      4.1820      3.1810      3.6801      4.1820  Padova    
    5.615000      4.1818      3.1834      3.6772      4.1818  Padova    
    5.620000      4.1816      3.1858      3.6743      4.1816  Padova    
    5.625000      4.1814      3.1883      3.6714      4.1814  Padova    
    5.630000      4.1811      3.1907      3.6685      4.1811  Padova    
    5.635000      4.1809      3.1931      3.6656      4.1809  Padova    
    5.640000      4.1807      3.1955      3.6628      4.1807  Padova    
    5.645000      4.1805      3.1980      3.6599      4.1805  Padova    
    5.649622      4.1803      3.2002      3.6572      4.1803  Padova    
    5.650000      4.1803      3.2004      3.6569      4.1803  Padova    
    5.655000      4.1799      3.2030      3.6532      4.1799  Padova    
    5.660000      4.1795      3.2056      3.6495      4.1795  Padova    
    5.665000      4.1791      3.2081      3.6457      4.1791  Padova    
    5.670000      4.1787      3.2107      3.6420      4.1787  Padova    
    5.675000      4.1784      3.2133      3.6383      4.1784  Padova    
    5.680000      4.1780      3.2159      3.6346      4.1780  Padova    
    5.685000      4.1776      3.2184      3.6308      4.1776  Padova    
    5.690000      4.1772      3.2210      3.6271      4.1772  Padova    
    5.695000      4.1768      3.2236      3.6234      4.1768  Padova    
    5.700000      4.1765      3.2261      3.6197      4.1765  Padova    
    5.705000      4.1761      3.2287      3.6160      4.1761  Padova    
    5.710000      4.1757      3.2313      3.6123      4.1757  Padova    
    5.715000      4.1753      3.2338      3.6086      4.1753  Padova    
    5.720000      4.1750      3.2364      3.6049      4.1750  Padova    
    5.725000      4.1746      3.2389      3.6012      4.1746  Padova    
    5.730000      4.1742      3.2415      3.5975      4.1742  Padova    
    5.735000      4.1738      3.2440      3.5939      4.1738  Padova    
    5.740000      4.1734      3.2466      3.5902      4.1734  Padova    
    5.745000      4.1731      3.2491      3.5865      4.1731  Padova    
    5.750000      4.1727      3.2517      3.5828      4.1727  Padova    
    5.755000      4.1723      3.2542      3.5792      4.1723  Padova    
    5.760000      4.1719      3.2567      3.5755      4.1719  Padova    
    5.764639      4.1716      3.2591      3.5721      4.1716  Padova    
    5.765000      4.1716      3.2593      3.5718      4.1716  Padova    
    5.770000      4.1710      3.2620      3.5671      4.1710  Padova    
    5.775000      4.1704      3.2647      3.5625      4.1704  Padova    
    5.780000      4.1698      3.2674      3.5578      4.1698  Padova    
    5.785000      4.1692      3.2701      3.5532      4.1692  Padova    
    5.790000      4.1687      3.2728      3.5486      4.1687  Padova    
    5.795000      4.1681      3.2755      3.5440      4.1681  Padova    
    5.800000      4.1675      3.2782      3.5393      4.1675  Padova    
    5.805000      4.1669      3.2809      3.5347      4.1669  Padova    
    5.810000      4.1664      3.2836      3.5301      4.1664  Padova    
    5.815000      4.1658      3.2863      3.5255      4.1658  Padova    
    5.820000      4.1652      3.2890      3.5209      4.1652  Padova    
    5.825000      4.1646      3.2917      3.5163      4.1646  Padova    
    5.830000      4.1641      3.2944      3.5117      4.1641  Padova    
    5.835000      4.1635      3.2971      3.5071      4.1635  Padova    
    5.840000      4.1629      3.2997      3.5025      4.1629  Padova    
    5.845000      4.1624      3.3024      3.4980      4.1624  Padova    
    5.850000      4.1618      3.3051      3.4934      4.1618  Padova    
    5.855000      4.1612      3.3078      3.4888      4.1612  Padova    
    5.860000      4.1606      3.3104      3.4842      4.1606  Padova    
    5.861229      4.1605      3.3111      3.4831      4.1605  Padova    
    5.865000      4.1600      3.3133      3.4792      4.1600  Padova    
    5.870000      4.1593      3.3161      3.4739      4.1593  Padova    
    5.875000      4.1586      3.3190      3.4687      4.1586  Padova    
    5.880000      4.1580      3.3218      3.4635      4.1580  Padova    
    5.885000      4.1573      3.3247      3.4583      4.1573  Padova    
    5.890000      4.1566      3.3275      3.4531      4.1566  Padova    
    5.895000      4.1559      3.3304      3.4479      4.1559  Padova    
    5.900000      4.1553      3.3332      3.4427      4.1553  Padova    
    5.903477      4.1548      3.3352      3.4391      4.1548  Padova    
    5.905000      4.1546      3.3361      3.4375      4.1546  Padova    
    5.910000      4.1540      3.3392      3.4323      4.1540  Padova    
    5.915000      4.1534      3.3423      3.4272      4.1534  Padova    
    5.920000      4.1528      3.3454      3.4220      4.1528  Padova    
    5.925000      4.1522      3.3485      3.4168      4.1522  Padova    
    5.930000      4.1516      3.3515      3.4117      4.1516  Padova    
    5.935000      4.1510      3.3546      3.4065      4.1510  Padova    
    5.940000      4.1503      3.3577      3.4014      4.1503  Padova    
    5.942021      4.1501      3.3589      3.3993      4.1501  Padova    
    5.945000      4.1499      3.3610      3.3969      4.1499  Padova    
    5.950000      4.1497      3.3645      3.3927      4.1497  Padova    
    5.955000      4.1494      3.3679      3.3886      4.1494  Padova    
    5.960000      4.1492      3.3714      3.3845      4.1492  Padova    
    5.965000      4.1489      3.3749      3.3804      4.1489  Padova    
    5.967484      4.1488      3.3766      3.3784      4.1488  Padova    
    5.970000      4.1493      3.3789      3.3782      4.1493  Padova    
    5.975000      4.1502      3.3834      3.3778      4.1502  Padova    
    5.980000      4.1511      3.3879      3.3775      4.1511  Padova    
    5.982482      4.1516      3.3901      3.3773      4.1516  Padova    
    5.985000      4.1533      3.3934      3.3808      4.1533  Padova    
    5.990000      4.1566      3.3999      3.3879      4.1566  Padova    
    5.994302      4.1594      3.4055      3.3939      4.1594  Padova    
    5.995000      4.1609      3.4074      3.3979      4.1609  Padova    
    6.000000      4.1713      3.4206      3.4266      4.1713  Padova    
    6.000000      4.1713      3.4206      3.4266      4.1713  Padova    
    6.002112      4.1754      3.4258      3.4381      4.1754  Padova    
    6.004653      4.1904      3.4467      3.4773      4.1904  Padova    
    6.005000      4.1945      3.4540      3.4864      4.1945  Padova    
    6.006164      4.2082      3.4784      3.5170      4.2082  Padova    
    6.006241      4.2077      3.4752      3.5183      4.2077  Padova    
    6.006636      4.1935      3.4334      3.5033      4.1935  Padova    
    6.006981      4.1752      3.4230      3.4406      4.1752  Padova    
    6.007298      4.1591      3.4367      3.3625      4.1591  Padova    
    6.007669      4.1415      3.4547      3.2739      4.1415  Padova    
    6.008090      4.1220      3.4686      3.1824      4.1220  Padova    
    6.008562      4.1005      3.4773      3.0875      4.1005  Padova    
    6.008903      4.0849      3.4807      3.0215      4.0849  Padova    
    6.009258      4.0678      3.4821      2.9520      4.0678  Padova    
    6.009443      4.0586      3.4821      2.9153      4.0586  Padova    
    6.009826      4.0388      3.4806      2.8375      4.0388  Padova    
    6.010000      4.0291      3.4791      2.8000      4.0291  Padova    
    6.010220      4.0168      3.4771      2.7528      4.0168  Padova    
    6.010622      3.9921      3.4712      2.6601      3.9921  Padova    
    6.011027      3.9638      3.4623      2.5559      3.9638  Padova    
    6.011234      3.9482      3.4566      2.4993      3.9482  Padova    
    6.011440      3.9315      3.4498      2.4390      3.9315  Padova    
    6.011646      3.9134      3.4420      2.3744      3.9134  Padova    
    6.011853      3.8934      3.4328      2.3039      3.8934  Padova    
    6.012060      3.8713      3.4216      2.2266      3.8713  Padova    
    6.012266      3.8467      3.4089      2.1410      3.8467  Padova    
    6.012468      3.8190      3.3937      2.0454      3.8190  Padova    
    6.012675      3.7871      3.3752      1.9362      3.7871  Padova    
    6.012877      3.7496      3.3524      1.8090      3.7496  Padova    
    6.013079      3.7105      3.3221      1.6830      3.7105  Padova    
    6.013282      3.6863      3.2802      1.6280      3.6863  Padova    
    6.013519      3.6666      3.2238      1.6058      3.6666  Padova    
    6.013640      3.6585      3.2128      1.5844      3.6585  Padova    
    6.013857      3.6444      3.2598      1.4810      3.6444  Padova    
    6.014050      3.6325      3.3518      1.3413      3.6325  Padova    
    6.014209      3.6255      3.4155      1.2496      3.6255  Padova    
    6.014519      3.6193      3.4812      1.1591      3.6193  Padova    
    6.015000      3.6146      3.5277      1.0940      3.6146  Padova    
    6.015111      3.6135      3.5385      1.0789      3.6135  Padova    
    6.015823      3.6078      3.5970      0.9976      3.6078  Padova    
    6.016532      3.6028      3.6547      0.9198      3.6028  Padova    
    6.017278      3.5977      3.7148      0.8393      3.5977  Padova    
    6.018032      3.5930      3.7722      0.7632      3.5930  Padova    
    6.020000      3.5902      3.8045      0.7199      3.5902  Padova    
    6.020350      3.5897      3.8102      0.7122      3.5897  Padova    
    6.025000      3.5920      3.7871      0.7447      3.5920  Padova    
    6.030000      3.5944      3.7624      0.7796      3.5944  Padova    
    6.031772      3.5953      3.7536      0.7920      3.5953  Padova    
    6.035000      3.5985      3.7191      0.8395      3.5985  Padova    
    6.037627      3.6011      3.6910      0.8781      3.6011  Padova    
    6.040000      3.6038      3.6603      0.9198      3.6038  Padova    
    6.042138      3.6062      3.6326      0.9574      3.6062  Padova    
    6.045000      3.6096      3.5955      1.0085      3.6096  Padova    
    6.046896      3.6119      3.5709      1.0423      3.6119  Padova    
    6.050000      3.6153      3.5358      1.0909      3.6153  Padova    
    6.052171      3.6176      3.5113      1.1249      3.6176  Padova    
    6.055000      3.6201      3.4875      1.1588      3.6201  Padova    
    6.058488      3.6231      3.4582      1.2006      3.6231  Padova    
    6.060000      3.6241      3.4506      1.2124      3.6241  Padova    
    6.065000      3.6275      3.4253      1.2513      3.6275  Padova    
    6.068511      3.6298      3.4076      1.2786      3.6298  Padova    
    6.070000      3.6306      3.4052      1.2845      3.6306  Padova    
    6.075000      3.6334      3.3970      1.3043      3.6334  Padova    
    6.080000      3.6362      3.3889      1.3241      3.6362  Padova    
    6.083656      3.6383      3.3829      1.3385      3.6383  Padova    
    6.085000      3.6397      3.3881      1.3390      3.6397  Padova    
    6.090000      3.6449      3.4077      1.3409      3.6449  Padova    
    6.094166      3.6493      3.4239      1.3424      3.6493  Padova    
    6.095000      3.6530      3.4361      1.3449      3.6530  Padova    
    6.097097      3.6622      3.4667      1.3511      3.6622  Padova    
    6.098463      3.6733      3.4865      1.3758      3.6733  Padova    
    6.099818      3.6917      3.5022      1.4338      3.6917  Padova    
    6.100000      3.6949      3.5038      1.4452      3.6949  Padova    
    6.100493      3.7037      3.5082      1.4760      3.7037  Padova    
    6.101840      3.7257      3.5175      1.5549      3.7257  Padova    
    6.102968      3.7397      3.5236      1.6049      3.7397  Padova    
    6.104970      3.7555      3.5300      1.6617      3.7555  Padova    
    6.105000      3.7555      3.5300      1.6617      3.7555  Padova    
    6.110000      3.7580      3.5353      1.6668      3.7580  Padova    
    6.115000      3.7605      3.5406      1.6719      3.7605  Padova    
    6.120000      3.7630      3.5458      1.6770      3.7630  Padova    
    6.125000      3.7655      3.5511      1.6821      3.7655  Padova    
    6.130000      3.7680      3.5563      1.6872      3.7680  Padova    
    6.135000      3.7705      3.5616      1.6923      3.7705  Padova    
    6.140000      3.7730      3.5668      1.6973      3.7730  Padova    
    6.145000      3.7755      3.5721      1.7024      3.7755  Padova    
    6.145982      3.7760      3.5731      1.7034      3.7760  Padova    
    6.150000      3.7742      3.5752      1.6943      3.7742  Padova    
    6.155000      3.7719      3.5778      1.6829      3.7719  Padova    
    6.160000      3.7696      3.5803      1.6716      3.7696  Padova    
    6.165000      3.7673      3.5829      1.6602      3.7673  Padova    
    6.170000      3.7651      3.5855      1.6489      3.7651  Padova    
    6.175000      3.7628      3.5881      1.6376      3.7628  Padova    
    6.178924      3.7610      3.5901      1.6287      3.7610  Padova    
    6.180000      3.7597      3.5903      1.6234      3.7597  Padova    
    6.185000      3.7537      3.5913      1.5988      3.7537  Padova    
    6.188795      3.7492      3.5921      1.5801      3.7492  Padova    
    6.190000      3.7470      3.5920      1.5716      3.7470  Padova    
    6.195000      3.7380      3.5915      1.5363      3.7380  Padova    
    6.195482      3.7371      3.5915      1.5329      3.7371  Padova    
    6.200000      3.7260      3.5899      1.4906      3.7260  Padova    
    6.200660      3.7244      3.5897      1.4844      3.7244  Padova    
    6.204798      3.7121      3.5863      1.4388      3.7121  Padova    
    6.205000      3.7115      3.5861      1.4365      3.7115  Padova    
    6.208668      3.6997      3.5818      1.3939      3.6997  Padova    
    6.210000      3.6957      3.5787      1.3811      3.6957  Padova    
    6.213421      3.6855      3.5709      1.3484      3.6855  Padova    
    6.215000      3.6800      3.5624      1.3351      3.6800  Padova    
    6.217704      3.6706      3.5479      1.3122      3.6706  Padova    
    6.220000      3.6631      3.5389      1.2915      3.6631  Padova    
    6.223170      3.6528      3.5265      1.2629      3.6528  Padova    
    6.225000      3.6506      3.5273      1.2534      3.6506  Padova    
    6.230000      3.6446      3.5293      1.2275      3.6446  Padova    
    6.235000      3.6385      3.5314      1.2017      3.6385  Padova    
    6.240000      3.6325      3.5335      1.1758      3.6325  Padova    
    6.245000      3.6265      3.5355      1.1500      3.6265  Padova    
    6.247379      3.6236      3.5365      1.1377      3.6236  Padova    
    6.250000      3.6174      3.5813      1.0682      3.6174  Padova    
    6.250477      3.6163      3.5895      1.0555      3.6163  Padova    
    6.250668      3.6146      3.6031      1.0354      3.6146  Padova    
    6.251023      3.6106      3.6436      0.9787      3.6106  Padova    
    6.252747      3.6044      3.7041      0.8935      3.6044  Padova    
    6.253417      3.5990      3.7606      0.8156      3.5990  Padova    
    6.254352      3.5933      3.8235      0.7298      3.5933  Padova    
    6.255000      3.5901      3.8584      0.6820      3.5901  Padova    
    6.255410      3.5880      3.8805      0.6518      3.5880  Padova    
    6.256655      3.5825      3.9399      0.5704      3.5825  Padova    
    6.257769      3.5773      3.9942      0.4956      3.5773  Padova    
    6.258787      3.5719      4.0505      0.4174      3.5719  Padova    
    6.259567      3.5667      4.1017      0.3456      3.5667  Padova    
    6.260000      3.5636      4.1319      0.3030      3.5636  Padova    
    6.260265      3.5617      4.1503      0.2770      3.5617  Padova    
    6.261133      3.5578      4.2102      0.2018      3.5578  Padova    
    6.261396      3.5530      4.2552      0.1374      3.5530  Padova    
    6.261642      3.5483      4.2967      0.0773      3.5483  Padova    
    6.261892      3.5450      4.3319      0.0287      3.5450  Padova    
    6.261967      3.5441      4.3409      0.0161      3.5441  Padova    
