    # M_init       log T       log L       log g    log T WR  Source    
    # (Msun)    (Kelvin)      (Lsun)          ()    (Kelvin)  ()        
    0.100000      3.4771     -2.5457      4.9572      3.4771  Siess     
    0.105000      3.4808     -2.5088      4.9580      3.4808  Siess     
    0.110000      3.4843     -2.4735      4.9587      3.4843  Siess     
    0.115000      3.4876     -2.4398      4.9594      3.4876  Siess     
    0.120000      3.4908     -2.4076      4.9601      3.4908  Siess     
    0.125000      3.4939     -2.3766      4.9607      3.4939  Siess     
    0.130000      3.4968     -2.3469      4.9614      3.4968  Siess     
    0.135000      3.4990     -2.3207      4.9593      3.4990  Siess     
    0.140000      3.5011     -2.2954      4.9574      3.5011  Siess     
    0.145000      3.5032     -2.2711      4.9555      3.5032  Siess     
    0.150000      3.5052     -2.2475      4.9537      3.5052  Siess     
    0.155000      3.5071     -2.2247      4.9520      3.5071  Siess     
    0.160000      3.5089     -2.2027      4.9503      3.5089  Siess     
    0.165000      3.5105     -2.1822      4.9488      3.5105  Siess     
    0.170000      3.5121     -2.1623      4.9474      3.5121  Siess     
    0.175000      3.5137     -2.1430      4.9461      3.5137  Siess     
    0.180000      3.5152     -2.1243      4.9448      3.5152  Siess     
    0.185000      3.5166     -2.1060      4.9435      3.5166  Siess     
    0.190000      3.5181     -2.0883      4.9423      3.5181  Siess     
    0.195000      3.5194     -2.0710      4.9411      3.5194  Siess     
    0.200000      3.5208     -2.0541      4.9399      3.5208  Siess     
    0.205000      3.5226     -2.0375      4.9395      3.5226  Siess     
    0.210000      3.5243     -2.0212      4.9390      3.5243  Siess     
    0.215000      3.5260     -2.0053      4.9386      3.5260  Siess     
    0.220000      3.5277     -1.9898      4.9382      3.5277  Siess     
    0.225000      3.5294     -1.9746      4.9378      3.5294  Siess     
    0.230000      3.5310     -1.9598      4.9374      3.5310  Siess     
    0.235000      3.5325     -1.9453      4.9370      3.5325  Siess     
    0.240000      3.5341     -1.9311      4.9367      3.5341  Siess     
    0.245000      3.5356     -1.9171      4.9363      3.5356  Siess     
    0.250000      3.5370     -1.9035      4.9359      3.5370  Siess     
    0.255000      3.5382     -1.8896      4.9346      3.5382  Siess     
    0.260000      3.5393     -1.8759      4.9333      3.5393  Siess     
    0.265000      3.5404     -1.8625      4.9320      3.5404  Siess     
    0.270000      3.5415     -1.8494      4.9308      3.5415  Siess     
    0.275000      3.5426     -1.8365      4.9296      3.5426  Siess     
    0.280000      3.5436     -1.8238      4.9284      3.5436  Siess     
    0.285000      3.5446     -1.8113      4.9272      3.5446  Siess     
    0.290000      3.5456     -1.7991      4.9260      3.5456  Siess     
    0.295000      3.5466     -1.7871      4.9249      3.5466  Siess     
    0.300000      3.5476     -1.7753      4.9238      3.5476  Siess     
    0.305000      3.5487     -1.7627      4.9228      3.5487  Siess     
    0.310000      3.5497     -1.7504      4.9219      3.5497  Siess     
    0.315000      3.5508     -1.7383      4.9209      3.5508  Siess     
    0.320000      3.5518     -1.7264      4.9200      3.5518  Siess     
    0.325000      3.5528     -1.7147      4.9191      3.5528  Siess     
    0.330000      3.5538     -1.7031      4.9182      3.5538  Siess     
    0.335000      3.5547     -1.6917      4.9174      3.5547  Siess     
    0.340000      3.5557     -1.6805      4.9165      3.5557  Siess     
    0.345000      3.5566     -1.6695      4.9156      3.5566  Siess     
    0.350000      3.5576     -1.6586      4.9148      3.5576  Siess     
    0.355000      3.5585     -1.6478      4.9140      3.5585  Siess     
    0.360000      3.5594     -1.6373      4.9132      3.5594  Siess     
    0.365000      3.5603     -1.6268      4.9124      3.5603  Siess     
    0.370000      3.5612     -1.6165      4.9116      3.5612  Siess     
    0.375000      3.5620     -1.6064      4.9108      3.5620  Siess     
    0.380000      3.5629     -1.5963      4.9100      3.5629  Siess     
    0.385000      3.5637     -1.5864      4.9093      3.5637  Siess     
    0.390000      3.5646     -1.5767      4.9085      3.5646  Siess     
    0.395000      3.5654     -1.5670      4.9078      3.5654  Siess     
    0.400000      3.5662     -1.5575      4.9070      3.5662  Siess     
    0.405000      3.5671     -1.5449      4.9048      3.5671  Siess     
    0.410000      3.5681     -1.5326      4.9027      3.5681  Siess     
    0.415000      3.5690     -1.5203      4.9005      3.5690  Siess     
    0.420000      3.5699     -1.5082      4.8984      3.5699  Siess     
    0.425000      3.5708     -1.4963      4.8964      3.5708  Siess     
    0.430000      3.5716     -1.4844      4.8943      3.5716  Siess     
    0.435000      3.5725     -1.4728      4.8923      3.5725  Siess     
    0.440000      3.5734     -1.4612      4.8903      3.5734  Siess     
    0.445000      3.5742     -1.4498      4.8883      3.5742  Siess     
    0.450000      3.5751     -1.4385      4.8863      3.5751  Siess     
    0.455000      3.5759     -1.4274      4.8844      3.5759  Siess     
    0.460000      3.5767     -1.4163      4.8824      3.5767  Siess     
    0.465000      3.5775     -1.4054      4.8805      3.5775  Siess     
    0.470000      3.5783     -1.3946      4.8787      3.5783  Siess     
    0.475000      3.5791     -1.3839      4.8768      3.5791  Siess     
    0.480000      3.5799     -1.3733      4.8750      3.5799  Siess     
    0.485000      3.5807     -1.3629      4.8731      3.5807  Siess     
    0.490000      3.5815     -1.3525      4.8713      3.5815  Siess     
    0.495000      3.5823     -1.3422      4.8695      3.5823  Siess     
    0.500000      3.5830     -1.3321      4.8678      3.5830  Siess     
    0.505000      3.5841     -1.3191      4.8641      3.5841  Siess     
    0.510000      3.5852     -1.3063      4.8604      3.5852  Siess     
    0.515000      3.5863     -1.2936      4.8568      3.5863  Siess     
    0.520000      3.5874     -1.2811      4.8532      3.5874  Siess     
    0.525000      3.5884     -1.2686      4.8497      3.5884  Siess     
    0.530000      3.5895     -1.2563      4.8462      3.5895  Siess     
    0.535000      3.5905     -1.2441      4.8427      3.5905  Siess     
    0.540000      3.5915     -1.2320      4.8392      3.5915  Siess     
    0.545000      3.5926     -1.2200      4.8358      3.5926  Siess     
    0.550000      3.5936     -1.2081      4.8324      3.5936  Siess     
    0.555000      3.5946     -1.1963      4.8291      3.5946  Siess     
    0.560000      3.5956     -1.1846      4.8257      3.5956  Siess     
    0.565000      3.5966     -1.1731      4.8224      3.5966  Siess     
    0.570000      3.5975     -1.1616      4.8192      3.5975  Siess     
    0.575000      3.5985     -1.1503      4.8159      3.5985  Siess     
    0.580000      3.5995     -1.1390      4.8127      3.5995  Siess     
    0.585000      3.6004     -1.1278      4.8095      3.6004  Siess     
    0.590000      3.6014     -1.1168      4.8064      3.6014  Siess     
    0.595000      3.6023     -1.1058      4.8032      3.6023  Siess     
    0.600000      3.6032     -1.0949      4.8001      3.6032  Siess     
    0.605000      3.6047     -1.0831      4.7954      3.6047  Siess     
    0.610000      3.6061     -1.0713      4.7908      3.6061  Siess     
    0.615000      3.6075     -1.0597      4.7861      3.6075  Siess     
    0.620000      3.6089     -1.0482      4.7816      3.6089  Siess     
    0.625000      3.6103     -1.0367      4.7770      3.6103  Siess     
    0.630000      3.6116     -1.0254      4.7725      3.6116  Siess     
    0.635000      3.6130     -1.0141      4.7680      3.6130  Siess     
    0.640000      3.6143     -1.0029      4.7636      3.6143  Siess     
    0.645000      3.6157     -0.9918      4.7592      3.6157  Siess     
    0.650000      3.6170     -0.9808      4.7548      3.6170  Siess     
    0.655000      3.6183     -0.9699      4.7504      3.6183  Siess     
    0.660000      3.6196     -0.9591      4.7461      3.6196  Siess     
    0.665000      3.6209     -0.9483      4.7418      3.6209  Siess     
    0.670000      3.6222     -0.9376      4.7376      3.6222  Siess     
    0.675000      3.6235     -0.9270      4.7334      3.6235  Siess     
    0.680000      3.6248     -0.9165      4.7292      3.6248  Siess     
    0.685000      3.6260     -0.9061      4.7251      3.6260  Siess     
    0.690000      3.6273     -0.8957      4.7209      3.6273  Siess     
    0.695000      3.6285     -0.8854      4.7168      3.6285  Siess     
    0.700000      3.6298     -0.8752      4.7128      3.6298  Siess     
    0.705000      3.6317     -0.8624      4.7089      3.6317  Siess     
    0.710000      3.6336     -0.8496      4.7050      3.6336  Siess     
    0.715000      3.6356     -0.8369      4.7012      3.6356  Siess     
    0.720000      3.6375     -0.8243      4.6974      3.6375  Siess     
    0.725000      3.6393     -0.8118      4.6937      3.6393  Siess     
    0.730000      3.6412     -0.7994      4.6899      3.6412  Siess     
    0.735000      3.6431     -0.7871      4.6862      3.6431  Siess     
    0.740000      3.6449     -0.7748      4.6825      3.6449  Siess     
    0.745000      3.6468     -0.7627      4.6788      3.6468  Siess     
    0.750000      3.6486     -0.7506      4.6752      3.6486  Siess     
    0.755000      3.6504     -0.7386      4.6716      3.6504  Siess     
    0.760000      3.6522     -0.7267      4.6680      3.6522  Siess     
    0.765000      3.6540     -0.7148      4.6644      3.6540  Siess     
    0.770000      3.6558     -0.7031      4.6608      3.6558  Siess     
    0.775000      3.6576     -0.6914      4.6573      3.6576  Siess     
    0.780000      3.6593     -0.6798      4.6538      3.6593  Siess     
    0.785000      3.6611     -0.6682      4.6503      3.6611  Siess     
    0.790000      3.6628     -0.6568      4.6469      3.6628  Siess     
    0.795000      3.6645     -0.6454      4.6434      3.6645  Siess     
    0.800000      3.6662     -0.6340      4.6400      3.6662  Siess     
    0.805000      3.6680     -0.6216      4.6374      3.6680  Siess     
    0.810000      3.6698     -0.6092      4.6347      3.6698  Siess     
    0.815000      3.6715     -0.5968      4.6321      3.6715  Siess     
    0.820000      3.6733     -0.5846      4.6295      3.6733  Siess     
    0.825000      3.6750     -0.5724      4.6269      3.6750  Siess     
    0.830000      3.6767     -0.5603      4.6244      3.6767  Siess     
    0.835000      3.6784     -0.5482      4.6218      3.6784  Siess     
    0.840000      3.6801     -0.5363      4.6193      3.6801  Siess     
    0.845000      3.6818     -0.5244      4.6168      3.6818  Siess     
    0.850000      3.6835     -0.5126      4.6143      3.6835  Siess     
    0.855000      3.6852     -0.5008      4.6118      3.6852  Siess     
    0.860000      3.6868     -0.4891      4.6093      3.6868  Siess     
    0.865000      3.6885     -0.4775      4.6068      3.6885  Siess     
    0.870000      3.6901     -0.4660      4.6044      3.6901  Siess     
    0.875000      3.6918     -0.4545      4.6020      3.6918  Siess     
    0.880000      3.6934     -0.4431      4.5995      3.6934  Siess     
    0.885000      3.6950     -0.4317      4.5971      3.6950  Siess     
    0.890000      3.6966     -0.4204      4.5947      3.6966  Siess     
    0.895000      3.6982     -0.4092      4.5924      3.6982  Siess     
    0.900000      3.6998     -0.3980      4.5900      3.6998  Siess     
    0.905000      3.7013     -0.3866      4.5868      3.7013  Siess     
    0.910000      3.7028     -0.3752      4.5837      3.7028  Siess     
    0.915000      3.7044     -0.3640      4.5806      3.7044  Siess     
    0.920000      3.7059     -0.3527      4.5775      3.7059  Siess     
    0.925000      3.7074     -0.3416      4.5744      3.7074  Siess     
    0.930000      3.7089     -0.3304      4.5713      3.7089  Siess     
    0.935000      3.7103     -0.3194      4.5683      3.7103  Siess     
    0.940000      3.7118     -0.3084      4.5652      3.7118  Siess     
    0.945000      3.7133     -0.2975      4.5622      3.7133  Siess     
    0.950000      3.7147     -0.2866      4.5592      3.7147  Siess     
    0.955000      3.7162     -0.2758      4.5562      3.7162  Siess     
    0.960000      3.7176     -0.2650      4.5532      3.7176  Siess     
    0.965000      3.7191     -0.2543      4.5503      3.7191  Siess     
    0.970000      3.7205     -0.2436      4.5473      3.7205  Siess     
    0.975000      3.7219     -0.2330      4.5444      3.7219  Siess     
    0.980000      3.7233     -0.2225      4.5415      3.7233  Siess     
    0.985000      3.7248     -0.2120      4.5386      3.7248  Siess     
    0.990000      3.7262     -0.2016      4.5357      3.7262  Siess     
    0.995000      3.7275     -0.1912      4.5329      3.7275  Siess     
    1.000000      3.7289     -0.1809      4.5300      3.7289  Siess     
    1.005000      3.7302     -0.1706      4.5274      3.7302  Siess     
    1.010000      3.7315     -0.1604      4.5248      3.7315  Siess     
    1.015000      3.7328     -0.1502      4.5222      3.7328  Siess     
    1.020000      3.7341     -0.1400      4.5196      3.7341  Siess     
    1.025000      3.7354     -0.1300      4.5170      3.7354  Siess     
    1.030000      3.7366     -0.1199      4.5145      3.7366  Siess     
    1.035000      3.7379     -0.1099      4.5120      3.7379  Siess     
    1.040000      3.7391     -0.1000      4.5094      3.7391  Siess     
    1.045000      3.7404     -0.0901      4.5069      3.7404  Siess     
    1.050000      3.7416     -0.0803      4.5044      3.7416  Siess     
    1.055000      3.7429     -0.0705      4.5019      3.7429  Siess     
    1.060000      3.7441     -0.0607      4.4994      3.7441  Siess     
    1.065000      3.7453     -0.0510      4.4970      3.7453  Siess     
    1.070000      3.7466     -0.0414      4.4945      3.7466  Siess     
    1.075000      3.7478     -0.0318      4.4921      3.7478  Siess     
    1.080000      3.7490     -0.0222      4.4896      3.7490  Siess     
    1.085000      3.7502     -0.0127      4.4872      3.7502  Siess     
    1.090000      3.7514     -0.0032      4.4848      3.7514  Siess     
    1.095000      3.7526      0.0062      4.4824      3.7526  Siess     
    1.100000      3.7537      0.0156      4.4800      3.7537  Siess     
    1.105000      3.7549      0.0258      4.4764      3.7549  Siess     
    1.110000      3.7561      0.0359      4.4727      3.7561  Siess     
    1.115000      3.7573      0.0460      4.4691      3.7573  Siess     
    1.120000      3.7585      0.0561      4.4655      3.7585  Siess     
    1.125000      3.7597      0.0661      4.4619      3.7597  Siess     
    1.130000      3.7608      0.0760      4.4584      3.7608  Siess     
    1.135000      3.7620      0.0859      4.4548      3.7620  Siess     
    1.140000      3.7632      0.0958      4.4513      3.7632  Siess     
    1.145000      3.7643      0.1056      4.4477      3.7643  Siess     
    1.150000      3.7655      0.1154      4.4442      3.7655  Siess     
    1.155000      3.7666      0.1251      4.4407      3.7666  Siess     
    1.160000      3.7678      0.1348      4.4373      3.7678  Siess     
    1.165000      3.7689      0.1445      4.4338      3.7689  Siess     
    1.170000      3.7700      0.1541      4.4304      3.7700  Siess     
    1.175000      3.7711      0.1636      4.4269      3.7711  Siess     
    1.180000      3.7723      0.1732      4.4235      3.7723  Siess     
    1.185000      3.7734      0.1827      4.4201      3.7734  Siess     
    1.190000      3.7745      0.1921      4.4167      3.7745  Siess     
    1.195000      3.7756      0.2015      4.4134      3.7756  Siess     
    1.200000      3.7767      0.2109      4.4100      3.7767  Siess     
    1.205000      3.7777      0.2197      4.4074      3.7777  Siess     
    1.210000      3.7788      0.2285      4.4048      3.7788  Siess     
    1.215000      3.7798      0.2373      4.4022      3.7798  Siess     
    1.220000      3.7808      0.2460      4.3997      3.7808  Siess     
    1.225000      3.7819      0.2547      4.3971      3.7819  Siess     
    1.230000      3.7829      0.2634      4.3946      3.7829  Siess     
    1.235000      3.7839      0.2720      4.3920      3.7839  Siess     
    1.240000      3.7849      0.2806      4.3895      3.7849  Siess     
    1.245000      3.7859      0.2892      4.3870      3.7859  Siess     
    1.250000      3.7869      0.2977      4.3845      3.7869  Siess     
    1.255000      3.7879      0.3062      4.3820      3.7879  Siess     
    1.260000      3.7889      0.3147      4.3795      3.7889  Siess     
    1.265000      3.7899      0.3231      4.3770      3.7899  Siess     
    1.270000      3.7909      0.3315      4.3746      3.7909  Siess     
    1.275000      3.7919      0.3398      4.3721      3.7919  Siess     
    1.280000      3.7928      0.3482      4.3697      3.7928  Siess     
    1.285000      3.7938      0.3564      4.3672      3.7938  Siess     
    1.290000      3.7948      0.3647      4.3648      3.7948  Siess     
    1.295000      3.7957      0.3729      4.3624      3.7957  Siess     
    1.300000      3.7967      0.3811      4.3600      3.7967  Siess     
    1.305000      3.7977      0.3890      4.3579      3.7977  Siess     
    1.310000      3.7987      0.3969      4.3558      3.7987  Siess     
    1.315000      3.7998      0.4048      4.3537      3.7998  Siess     
    1.320000      3.8008      0.4126      4.3516      3.8008  Siess     
    1.325000      3.8018      0.4204      4.3495      3.8018  Siess     
    1.330000      3.8028      0.4281      4.3474      3.8028  Siess     
    1.335000      3.8038      0.4359      4.3453      3.8038  Siess     
    1.340000      3.8048      0.4436      4.3433      3.8048  Siess     
    1.345000      3.8057      0.4513      4.3412      3.8057  Siess     
    1.350000      3.8067      0.4589      4.3391      3.8067  Siess     
    1.355000      3.8077      0.4665      4.3371      3.8077  Siess     
    1.360000      3.8087      0.4741      4.3351      3.8087  Siess     
    1.365000      3.8097      0.4817      4.3330      3.8097  Siess     
    1.370000      3.8106      0.4892      4.3310      3.8106  Siess     
    1.375000      3.8116      0.4967      4.3290      3.8116  Siess     
    1.380000      3.8126      0.5042      4.3270      3.8126  Siess     
    1.385000      3.8135      0.5117      4.3250      3.8135  Siess     
    1.390000      3.8145      0.5191      4.3230      3.8145  Siess     
    1.395000      3.8154      0.5265      4.3210      3.8154  Siess     
    1.400000      3.8164      0.5339      4.3191      3.8164  Siess     
    1.405000      3.8175      0.5407      4.3177      3.8175  Siess     
    1.410000      3.8185      0.5474      4.3164      3.8185  Siess     
    1.415000      3.8196      0.5542      4.3151      3.8196  Siess     
    1.420000      3.8206      0.5609      4.3138      3.8206  Siess     
    1.425000      3.8217      0.5676      4.3125      3.8217  Siess     
    1.430000      3.8228      0.5743      4.3113      3.8228  Siess     
    1.435000      3.8238      0.5809      4.3100      3.8238  Siess     
    1.440000      3.8248      0.5876      4.3087      3.8248  Siess     
    1.445000      3.8259      0.5942      4.3074      3.8259  Siess     
    1.450000      3.8269      0.6008      4.3061      3.8269  Siess     
    1.455000      3.8280      0.6073      4.3049      3.8280  Siess     
    1.460000      3.8290      0.6139      4.3036      3.8290  Siess     
    1.465000      3.8300      0.6204      4.3024      3.8300  Siess     
    1.470000      3.8310      0.6269      4.3011      3.8310  Siess     
    1.475000      3.8321      0.6334      4.2999      3.8321  Siess     
    1.480000      3.8331      0.6398      4.2986      3.8331  Siess     
    1.485000      3.8341      0.6463      4.2974      3.8341  Siess     
    1.490000      3.8351      0.6527      4.2961      3.8351  Siess     
    1.495000      3.8361      0.6590      4.2949      3.8361  Siess     
    1.500000      3.8371      0.6654      4.2937      3.8371  Siess     
    1.505000      3.8384      0.6719      4.2940      3.8384  Siess     
    1.510000      3.8397      0.6783      4.2943      3.8397  Siess     
    1.515000      3.8411      0.6847      4.2946      3.8411  Siess     
    1.520000      3.8424      0.6910      4.2950      3.8424  Siess     
    1.525000      3.8437      0.6974      4.2953      3.8437  Siess     
    1.530000      3.8450      0.7037      4.2956      3.8450  Siess     
    1.535000      3.8463      0.7100      4.2959      3.8463  Siess     
    1.540000      3.8476      0.7163      4.2963      3.8476  Siess     
    1.545000      3.8489      0.7226      4.2966      3.8489  Siess     
    1.550000      3.8502      0.7288      4.2969      3.8502  Siess     
    1.555000      3.8514      0.7351      4.2972      3.8514  Siess     
    1.560000      3.8527      0.7413      4.2975      3.8527  Siess     
    1.565000      3.8540      0.7475      4.2978      3.8540  Siess     
    1.570000      3.8553      0.7536      4.2981      3.8553  Siess     
    1.575000      3.8565      0.7598      4.2985      3.8565  Siess     
    1.580000      3.8578      0.7659      4.2988      3.8578  Siess     
    1.585000      3.8590      0.7720      4.2991      3.8590  Siess     
    1.590000      3.8603      0.7781      4.2994      3.8603  Siess     
    1.595000      3.8615      0.7842      4.2997      3.8615  Siess     
    1.600000      3.8628      0.7903      4.3000      3.8628  Siess     
    1.605000      3.8641      0.7963      4.3000      3.8641  Siess     
    1.610000      3.8654      0.8024      4.3000      3.8654  Siess     
    1.615000      3.8666      0.8085      4.3000      3.8666  Siess     
    1.620000      3.8679      0.8145      4.3000      3.8679  Siess     
    1.625000      3.8692      0.8205      4.3000      3.8692  Siess     
    1.630000      3.8705      0.8265      4.3000      3.8705  Siess     
    1.635000      3.8717      0.8325      4.3000      3.8717  Siess     
    1.640000      3.8730      0.8384      4.3000      3.8730  Siess     
    1.645000      3.8743      0.8444      4.3000      3.8743  Siess     
    1.650000      3.8755      0.8503      4.3000      3.8755  Siess     
    1.655000      3.8768      0.8562      4.3000      3.8768  Siess     
    1.660000      3.8780      0.8621      4.3000      3.8780  Siess     
    1.665000      3.8793      0.8679      4.3000      3.8793  Siess     
    1.670000      3.8805      0.8738      4.3000      3.8805  Siess     
    1.675000      3.8817      0.8796      4.3000      3.8817  Siess     
    1.680000      3.8830      0.8854      4.3000      3.8830  Siess     
    1.685000      3.8842      0.8912      4.3000      3.8842  Siess     
    1.690000      3.8854      0.8970      4.3000      3.8854  Siess     
    1.695000      3.8867      0.9028      4.3000      3.8867  Siess     
    1.700000      3.8879      0.9085      4.3000      3.8879  Siess     
    1.705000      3.8890      0.9139      4.3002      3.8890  Siess     
    1.710000      3.8901      0.9193      4.3005      3.8901  Siess     
    1.715000      3.8913      0.9246      4.3007      3.8913  Siess     
    1.720000      3.8924      0.9300      4.3010      3.8924  Siess     
    1.725000      3.8935      0.9353      4.3012      3.8935  Siess     
    1.730000      3.8946      0.9406      4.3014      3.8946  Siess     
    1.735000      3.8957      0.9459      4.3017      3.8957  Siess     
    1.740000      3.8969      0.9512      4.3019      3.8969  Siess     
    1.745000      3.8980      0.9565      4.3022      3.8980  Siess     
    1.750000      3.8991      0.9617      4.3024      3.8991  Siess     
    1.755000      3.9002      0.9669      4.3026      3.9002  Siess     
    1.760000      3.9013      0.9722      4.3029      3.9013  Siess     
    1.765000      3.9024      0.9774      4.3031      3.9024  Siess     
    1.770000      3.9035      0.9826      4.3033      3.9035  Siess     
    1.775000      3.9045      0.9877      4.3036      3.9045  Siess     
    1.780000      3.9056      0.9929      4.3038      3.9056  Siess     
    1.785000      3.9067      0.9981      4.3040      3.9067  Siess     
    1.790000      3.9078      1.0032      4.3043      3.9078  Siess     
    1.795000      3.9089      1.0083      4.3045      3.9089  Siess     
    1.800000      3.9099      1.0134      4.3047      3.9099  Siess     
    1.805000      3.9109      1.0184      4.3045      3.9109  Siess     
    1.810000      3.9118      1.0233      4.3042      3.9118  Siess     
    1.815000      3.9128      1.0282      4.3040      3.9128  Siess     
    1.820000      3.9137      1.0332      4.3038      3.9137  Siess     
    1.825000      3.9147      1.0381      4.3035      3.9147  Siess     
    1.830000      3.9156      1.0429      4.3033      3.9156  Siess     
    1.835000      3.9166      1.0478      4.3030      3.9166  Siess     
    1.840000      3.9175      1.0527      4.3028      3.9175  Siess     
    1.845000      3.9184      1.0575      4.3026      3.9184  Siess     
    1.850000      3.9194      1.0624      4.3023      3.9194  Siess     
    1.855000      3.9203      1.0672      4.3021      3.9203  Siess     
    1.860000      3.9212      1.0720      4.3019      3.9212  Siess     
    1.865000      3.9221      1.0768      4.3016      3.9221  Siess     
    1.870000      3.9230      1.0816      4.3014      3.9230  Siess     
    1.875000      3.9240      1.0864      4.3012      3.9240  Siess     
    1.880000      3.9249      1.0911      4.3009      3.9249  Siess     
    1.885000      3.9258      1.0959      4.3007      3.9258  Siess     
    1.890000      3.9267      1.1006      4.3005      3.9267  Siess     
    1.895000      3.9276      1.1053      4.3002      3.9276  Siess     
    1.900000      3.9285      1.1100      4.3000      3.9285  Siess     
    1.905000      3.9294      1.1148      4.3000      3.9294  Siess     
    1.910000      3.9303      1.1195      4.3000      3.9303  Siess     
    1.915000      3.9312      1.1242      4.3000      3.9312  Siess     
    1.920000      3.9321      1.1289      4.3000      3.9321  Siess     
    1.925000      3.9330      1.1336      4.3000      3.9330  Siess     
    1.930000      3.9338      1.1383      4.3000      3.9338  Siess     
    1.935000      3.9347      1.1429      4.3000      3.9347  Siess     
    1.940000      3.9356      1.1476      4.3000      3.9356  Siess     
    1.945000      3.9365      1.1522      4.3000      3.9365  Siess     
    1.950000      3.9373      1.1568      4.3000      3.9373  Siess     
    1.955000      3.9382      1.1614      4.3000      3.9382  Siess     
    1.960000      3.9391      1.1660      4.3000      3.9391  Siess     
    1.965000      3.9399      1.1706      4.3000      3.9399  Siess     
    1.970000      3.9408      1.1752      4.3000      3.9408  Siess     
    1.975000      3.9417      1.1798      4.3000      3.9417  Siess     
    1.980000      3.9425      1.1843      4.3000      3.9425  Siess     
    1.985000      3.9434      1.1889      4.3000      3.9434  Siess     
    1.990000      3.9442      1.1934      4.3000      3.9442  Siess     
    1.995000      3.9451      1.1979      4.3000      3.9451  Siess     
    2.000000      3.9459      1.2024      4.3000      3.9459  Siess     
    2.005000      3.9467      1.2069      4.2997      3.9467  Siess     
    2.010000      3.9475      1.2113      4.2995      3.9475  Siess     
    2.015000      3.9483      1.2157      4.2992      3.9483  Siess     
    2.020000      3.9490      1.2201      4.2990      3.9490  Siess     
    2.025000      3.9498      1.2245      4.2987      3.9498  Siess     
    2.030000      3.9506      1.2289      4.2984      3.9506  Siess     
    2.035000      3.9513      1.2332      4.2982      3.9513  Siess     
    2.040000      3.9521      1.2376      4.2979      3.9521  Siess     
    2.045000      3.9529      1.2419      4.2977      3.9529  Siess     
    2.050000      3.9536      1.2463      4.2974      3.9536  Siess     
    2.055000      3.9544      1.2506      4.2972      3.9544  Siess     
    2.060000      3.9551      1.2549      4.2969      3.9551  Siess     
    2.065000      3.9559      1.2592      4.2966      3.9559  Siess     
    2.070000      3.9566      1.2635      4.2964      3.9566  Siess     
    2.075000      3.9574      1.2678      4.2961      3.9574  Siess     
    2.080000      3.9581      1.2721      4.2959      3.9581  Siess     
    2.085000      3.9589      1.2763      4.2956      3.9589  Siess     
    2.090000      3.9596      1.2806      4.2954      3.9596  Siess     
    2.095000      3.9604      1.2848      4.2951      3.9604  Siess     
    2.100000      3.9611      1.2890      4.2949      3.9611  Siess     
    2.105000      3.9618      1.2933      4.2946      3.9618  Siess     
    2.110000      3.9626      1.2975      4.2944      3.9626  Siess     
    2.115000      3.9633      1.3017      4.2941      3.9633  Siess     
    2.120000      3.9640      1.3059      4.2939      3.9640  Siess     
    2.125000      3.9648      1.3100      4.2936      3.9648  Siess     
    2.130000      3.9655      1.3142      4.2934      3.9655  Siess     
    2.135000      3.9662      1.3184      4.2931      3.9662  Siess     
    2.140000      3.9670      1.3225      4.2929      3.9670  Siess     
    2.145000      3.9677      1.3267      4.2927      3.9677  Siess     
    2.150000      3.9684      1.3308      4.2924      3.9684  Siess     
    2.155000      3.9691      1.3349      4.2922      3.9691  Siess     
    2.160000      3.9699      1.3390      4.2919      3.9699  Siess     
    2.165000      3.9706      1.3431      4.2917      3.9706  Siess     
    2.170000      3.9713      1.3472      4.2914      3.9713  Siess     
    2.175000      3.9720      1.3513      4.2912      3.9720  Siess     
    2.180000      3.9727      1.3554      4.2910      3.9727  Siess     
    2.185000      3.9734      1.3595      4.2907      3.9734  Siess     
    2.190000      3.9741      1.3635      4.2905      3.9741  Siess     
    2.195000      3.9749      1.3676      4.2902      3.9749  Siess     
    2.200000      3.9756      1.3716      4.2900      3.9756  Siess     
    2.205000      3.9762      1.3757      4.2895      3.9762  Siess     
    2.210000      3.9768      1.3797      4.2889      3.9768  Siess     
    2.215000      3.9774      1.3837      4.2884      3.9774  Siess     
    2.220000      3.9779      1.3877      4.2879      3.9779  Siess     
    2.225000      3.9785      1.3917      4.2873      3.9785  Siess     
    2.230000      3.9791      1.3957      4.2868      3.9791  Siess     
    2.235000      3.9797      1.3997      4.2863      3.9797  Siess     
    2.240000      3.9803      1.4037      4.2858      3.9803  Siess     
    2.245000      3.9809      1.4076      4.2852      3.9809  Siess     
    2.250000      3.9815      1.4116      4.2847      3.9815  Siess     
    2.255000      3.9821      1.4155      4.2842      3.9821  Siess     
    2.260000      3.9827      1.4195      4.2837      3.9827  Siess     
    2.265000      3.9832      1.4234      4.2832      3.9832  Siess     
    2.270000      3.9838      1.4273      4.2826      3.9838  Siess     
    2.275000      3.9844      1.4313      4.2821      3.9844  Siess     
    2.280000      3.9850      1.4352      4.2816      3.9850  Siess     
    2.285000      3.9856      1.4391      4.2811      3.9856  Siess     
    2.290000      3.9861      1.4429      4.2806      3.9861  Siess     
    2.295000      3.9867      1.4468      4.2801      3.9867  Siess     
    2.300000      3.9873      1.4507      4.2796      3.9873  Siess     
    2.305000      3.9879      1.4546      4.2791      3.9879  Siess     
    2.310000      3.9884      1.4584      4.2785      3.9884  Siess     
    2.315000      3.9890      1.4623      4.2780      3.9890  Siess     
    2.320000      3.9896      1.4661      4.2775      3.9896  Siess     
    2.325000      3.9902      1.4699      4.2770      3.9902  Siess     
    2.330000      3.9907      1.4738      4.2765      3.9907  Siess     
    2.335000      3.9913      1.4776      4.2760      3.9913  Siess     
    2.340000      3.9918      1.4814      4.2755      3.9918  Siess     
    2.345000      3.9924      1.4852      4.2750      3.9924  Siess     
    2.350000      3.9930      1.4890      4.2745      3.9930  Siess     
    2.355000      3.9935      1.4927      4.2740      3.9935  Siess     
    2.360000      3.9941      1.4965      4.2735      3.9941  Siess     
    2.365000      3.9947      1.5003      4.2730      3.9947  Siess     
    2.370000      3.9952      1.5040      4.2725      3.9952  Siess     
    2.375000      3.9958      1.5078      4.2720      3.9958  Siess     
    2.380000      3.9963      1.5115      4.2715      3.9963  Siess     
    2.385000      3.9969      1.5153      4.2711      3.9969  Siess     
    2.390000      3.9974      1.5190      4.2706      3.9974  Siess     
    2.395000      3.9980      1.5227      4.2701      3.9980  Siess     
    2.400000      3.9985      1.5264      4.2696      3.9985  Siess     
    2.405000      3.9991      1.5301      4.2691      3.9991  Siess     
    2.410000      3.9996      1.5338      4.2686      3.9996  Siess     
    2.415000      4.0002      1.5375      4.2681      4.0002  Siess     
    2.420000      4.0007      1.5412      4.2676      4.0007  Siess     
    2.425000      4.0013      1.5449      4.2671      4.0013  Siess     
    2.430000      4.0018      1.5485      4.2667      4.0018  Siess     
    2.435000      4.0024      1.5522      4.2662      4.0024  Siess     
    2.440000      4.0029      1.5558      4.2657      4.0029  Siess     
    2.445000      4.0034      1.5595      4.2652      4.0034  Siess     
    2.450000      4.0040      1.5631      4.2647      4.0040  Siess     
    2.455000      4.0045      1.5667      4.2643      4.0045  Siess     
    2.460000      4.0051      1.5704      4.2638      4.0051  Siess     
    2.465000      4.0056      1.5740      4.2633      4.0056  Siess     
    2.470000      4.0061      1.5776      4.2628      4.0061  Siess     
    2.475000      4.0067      1.5812      4.2624      4.0067  Siess     
    2.480000      4.0072      1.5848      4.2619      4.0072  Siess     
    2.485000      4.0077      1.5883      4.2614      4.0077  Siess     
    2.490000      4.0083      1.5919      4.2609      4.0083  Siess     
    2.495000      4.0088      1.5955      4.2605      4.0088  Siess     
    2.500000      4.0093      1.5991      4.2600      4.0093  Siess     
    2.505000      4.0098      1.6026      4.2593      4.0098  Siess     
    2.510000      4.0103      1.6062      4.2586      4.0103  Siess     
    2.515000      4.0108      1.6098      4.2579      4.0108  Siess     
    2.520000      4.0113      1.6134      4.2572      4.0113  Siess     
    2.525000      4.0118      1.6169      4.2565      4.0118  Siess     
    2.530000      4.0123      1.6205      4.2558      4.0123  Siess     
    2.535000      4.0129      1.6240      4.2551      4.0129  Siess     
    2.540000      4.0134      1.6275      4.2544      4.0134  Siess     
    2.545000      4.0139      1.6311      4.2537      4.0139  Siess     
    2.550000      4.0144      1.6346      4.2530      4.0144  Siess     
    2.555000      4.0148      1.6381      4.2523      4.0148  Siess     
    2.560000      4.0153      1.6416      4.2516      4.0153  Siess     
    2.565000      4.0158      1.6451      4.2509      4.0158  Siess     
    2.570000      4.0163      1.6486      4.2503      4.0163  Siess     
    2.575000      4.0168      1.6521      4.2496      4.0168  Siess     
    2.580000      4.0173      1.6556      4.2489      4.0173  Siess     
    2.585000      4.0178      1.6591      4.2482      4.0178  Siess     
    2.590000      4.0183      1.6625      4.2475      4.0183  Siess     
    2.595000      4.0188      1.6660      4.2468      4.0188  Siess     
    2.600000      4.0193      1.6694      4.2462      4.0193  Siess     
    2.605000      4.0198      1.6729      4.2455      4.0198  Siess     
    2.610000      4.0203      1.6763      4.2448      4.0203  Siess     
    2.615000      4.0208      1.6798      4.2441      4.0208  Siess     
    2.620000      4.0212      1.6832      4.2435      4.0212  Siess     
    2.625000      4.0217      1.6866      4.2428      4.0217  Siess     
    2.630000      4.0222      1.6900      4.2421      4.0222  Siess     
    2.635000      4.0227      1.6934      4.2414      4.0227  Siess     
    2.640000      4.0232      1.6968      4.2408      4.0232  Siess     
    2.645000      4.0237      1.7002      4.2401      4.0237  Siess     
    2.650000      4.0241      1.7036      4.2394      4.0241  Siess     
    2.655000      4.0246      1.7070      4.2388      4.0246  Siess     
    2.660000      4.0251      1.7104      4.2381      4.0251  Siess     
    2.665000      4.0256      1.7137      4.2374      4.0256  Siess     
    2.670000      4.0260      1.7171      4.2368      4.0260  Siess     
    2.675000      4.0265      1.7205      4.2361      4.0265  Siess     
    2.680000      4.0270      1.7238      4.2355      4.0270  Siess     
    2.685000      4.0275      1.7272      4.2348      4.0275  Siess     
    2.690000      4.0279      1.7305      4.2341      4.0279  Siess     
    2.695000      4.0284      1.7338      4.2335      4.0284  Siess     
    2.700000      4.0289      1.7372      4.2328      4.0289  Siess     
    2.705000      4.0293      1.7405      4.2322      4.0293  Siess     
    2.710000      4.0298      1.7439      4.2315      4.0298  Siess     
    2.715000      4.0302      1.7472      4.2309      4.0302  Siess     
    2.720000      4.0307      1.7505      4.2302      4.0307  Siess     
    2.725000      4.0311      1.7538      4.2296      4.0311  Siess     
    2.730000      4.0315      1.7572      4.2289      4.0315  Siess     
    2.735000      4.0320      1.7605      4.2283      4.0320  Siess     
    2.740000      4.0324      1.7638      4.2276      4.0324  Siess     
    2.745000      4.0329      1.7671      4.2270      4.0329  Siess     
    2.750000      4.0333      1.7704      4.2263      4.0333  Siess     
    2.755000      4.0337      1.7737      4.2257      4.0337  Siess     
    2.760000      4.0342      1.7769      4.2250      4.0342  Siess     
    2.765000      4.0346      1.7802      4.2244      4.0346  Siess     
    2.770000      4.0350      1.7835      4.2237      4.0350  Siess     
    2.775000      4.0355      1.7868      4.2231      4.0355  Siess     
    2.780000      4.0359      1.7900      4.2225      4.0359  Siess     
    2.785000      4.0363      1.7933      4.2218      4.0363  Siess     
    2.790000      4.0368      1.7965      4.2212      4.0368  Siess     
    2.795000      4.0372      1.7998      4.2205      4.0372  Siess     
    2.800000      4.0376      1.8030      4.2199      4.0376  Siess     
    2.805000      4.0381      1.8062      4.2193      4.0381  Siess     
    2.810000      4.0385      1.8094      4.2186      4.0385  Siess     
    2.815000      4.0389      1.8127      4.2180      4.0389  Siess     
    2.820000      4.0393      1.8159      4.2174      4.0393  Siess     
    2.825000      4.0398      1.8191      4.2167      4.0398  Siess     
    2.830000      4.0402      1.8223      4.2161      4.0402  Siess     
    2.835000      4.0406      1.8255      4.2155      4.0406  Siess     
    2.840000      4.0410      1.8287      4.2149      4.0410  Siess     
    2.845000      4.0415      1.8319      4.2142      4.0415  Siess     
    2.850000      4.0419      1.8350      4.2136      4.0419  Siess     
    2.855000      4.0423      1.8382      4.2130      4.0423  Siess     
    2.860000      4.0427      1.8414      4.2124      4.0427  Siess     
    2.865000      4.0431      1.8445      4.2117      4.0431  Siess     
    2.870000      4.0436      1.8477      4.2111      4.0436  Siess     
    2.875000      4.0440      1.8508      4.2105      4.0440  Siess     
    2.880000      4.0444      1.8540      4.2099      4.0444  Siess     
    2.885000      4.0448      1.8571      4.2093      4.0448  Siess     
    2.890000      4.0452      1.8603      4.2087      4.0452  Siess     
    2.895000      4.0457      1.8634      4.2080      4.0457  Siess     
    2.900000      4.0461      1.8665      4.2074      4.0461  Siess     
    2.905000      4.0465      1.8696      4.2068      4.0465  Siess     
    2.910000      4.0469      1.8727      4.2062      4.0469  Siess     
    2.915000      4.0473      1.8758      4.2056      4.0473  Siess     
    2.920000      4.0477      1.8790      4.2050      4.0477  Siess     
    2.925000      4.0481      1.8820      4.2044      4.0481  Siess     
    2.930000      4.0485      1.8851      4.2038      4.0485  Siess     
    2.935000      4.0490      1.8882      4.2032      4.0490  Siess     
    2.940000      4.0494      1.8913      4.2026      4.0494  Siess     
    2.945000      4.0498      1.8944      4.2020      4.0498  Siess     
    2.950000      4.0502      1.8975      4.2014      4.0502  Siess     
    2.955000      4.0506      1.9005      4.2008      4.0506  Siess     
    2.960000      4.0510      1.9036      4.2002      4.0510  Siess     
    2.965000      4.0514      1.9066      4.1996      4.0514  Siess     
    2.970000      4.0518      1.9097      4.1990      4.0518  Siess     
    2.975000      4.0522      1.9127      4.1984      4.0522  Siess     
    2.980000      4.0526      1.9158      4.1978      4.0526  Siess     
    2.985000      4.0530      1.9188      4.1972      4.0530  Siess     
    2.990000      4.0534      1.9218      4.1966      4.0534  Siess     
    2.995000      4.0538      1.9249      4.1960      4.0538  Siess     
    3.000000      4.0542      1.9279      4.1954      4.0542  Siess     
    3.005000      4.0546      1.9310      4.1945      4.0546  Siess     
    3.010000      4.0549      1.9341      4.1935      4.0549  Siess     
    3.015000      4.0553      1.9372      4.1926      4.0553  Siess     
    3.020000      4.0557      1.9403      4.1917      4.0557  Siess     
    3.025000      4.0560      1.9434      4.1908      4.0560  Siess     
    3.030000      4.0564      1.9465      4.1899      4.0564  Siess     
    3.035000      4.0567      1.9496      4.1890      4.0567  Siess     
    3.040000      4.0571      1.9527      4.1880      4.0571  Siess     
    3.045000      4.0575      1.9558      4.1871      4.0575  Siess     
    3.050000      4.0578      1.9589      4.1862      4.0578  Siess     
    3.055000      4.0582      1.9619      4.1853      4.0582  Siess     
    3.060000      4.0585      1.9650      4.1844      4.0585  Siess     
    3.065000      4.0589      1.9680      4.1835      4.0589  Siess     
    3.070000      4.0593      1.9711      4.1826      4.0593  Siess     
    3.075000      4.0596      1.9742      4.1817      4.0596  Siess     
    3.080000      4.0600      1.9772      4.1808      4.0600  Siess     
    3.085000      4.0603      1.9802      4.1799      4.0603  Siess     
    3.090000      4.0607      1.9833      4.1790      4.0607  Siess     
    3.095000      4.0610      1.9863      4.1781      4.0610  Siess     
    3.100000      4.0614      1.9893      4.1772      4.0614  Siess     
    3.105000      4.0617      1.9923      4.1763      4.0617  Siess     
    3.110000      4.0621      1.9954      4.1754      4.0621  Siess     
    3.115000      4.0624      1.9984      4.1745      4.0624  Siess     
    3.120000      4.0628      2.0014      4.1737      4.0628  Siess     
    3.125000      4.0631      2.0044      4.1728      4.0631  Siess     
    3.130000      4.0635      2.0074      4.1719      4.0635  Siess     
    3.135000      4.0638      2.0104      4.1710      4.0638  Siess     
    3.140000      4.0642      2.0134      4.1701      4.0642  Siess     
    3.145000      4.0645      2.0163      4.1692      4.0645  Siess     
    3.150000      4.0649      2.0193      4.1684      4.0649  Siess     
    3.155000      4.0652      2.0223      4.1675      4.0652  Siess     
    3.160000      4.0656      2.0253      4.1666      4.0656  Siess     
    3.165000      4.0659      2.0282      4.1657      4.0659  Siess     
    3.170000      4.0663      2.0312      4.1649      4.0663  Siess     
    3.175000      4.0666      2.0341      4.1640      4.0666  Siess     
    3.180000      4.0669      2.0371      4.1631      4.0669  Siess     
    3.185000      4.0673      2.0400      4.1622      4.0673  Siess     
    3.190000      4.0676      2.0430      4.1614      4.0676  Siess     
    3.195000      4.0680      2.0459      4.1605      4.0680  Siess     
    3.200000      4.0683      2.0488      4.1596      4.0683  Siess     
    3.205000      4.0686      2.0518      4.1588      4.0686  Siess     
    3.210000      4.0690      2.0547      4.1579      4.0690  Siess     
    3.215000      4.0693      2.0576      4.1570      4.0693  Siess     
    3.220000      4.0697      2.0605      4.1562      4.0697  Siess     
    3.225000      4.0700      2.0634      4.1553      4.0700  Siess     
    3.230000      4.0703      2.0663      4.1545      4.0703  Siess     
    3.235000      4.0707      2.0692      4.1536      4.0707  Siess     
    3.240000      4.0710      2.0721      4.1528      4.0710  Siess     
    3.245000      4.0714      2.0750      4.1519      4.0714  Siess     
    3.250000      4.0717      2.0779      4.1510      4.0717  Siess     
    3.255000      4.0720      2.0808      4.1502      4.0720  Siess     
    3.260000      4.0724      2.0836      4.1493      4.0724  Siess     
    3.265000      4.0727      2.0865      4.1485      4.0727  Siess     
    3.270000      4.0730      2.0894      4.1476      4.0730  Siess     
    3.275000      4.0734      2.0922      4.1468      4.0734  Siess     
    3.280000      4.0737      2.0951      4.1460      4.0737  Siess     
    3.285000      4.0740      2.0980      4.1451      4.0740  Siess     
    3.290000      4.0744      2.1008      4.1443      4.0744  Siess     
    3.295000      4.0747      2.1037      4.1434      4.0747  Siess     
    3.300000      4.0750      2.1065      4.1426      4.0750  Siess     
    3.305000      4.0754      2.1093      4.1418      4.0754  Siess     
    3.310000      4.0757      2.1122      4.1409      4.0757  Siess     
    3.315000      4.0760      2.1150      4.1401      4.0760  Siess     
    3.320000      4.0763      2.1178      4.1392      4.0763  Siess     
    3.325000      4.0767      2.1206      4.1384      4.0767  Siess     
    3.330000      4.0770      2.1235      4.1376      4.0770  Siess     
    3.335000      4.0773      2.1263      4.1367      4.0773  Siess     
    3.340000      4.0777      2.1291      4.1359      4.0777  Siess     
    3.345000      4.0780      2.1319      4.1351      4.0780  Siess     
    3.350000      4.0783      2.1347      4.1343      4.0783  Siess     
    3.355000      4.0786      2.1375      4.1334      4.0786  Siess     
    3.360000      4.0790      2.1403      4.1326      4.0790  Siess     
    3.365000      4.0793      2.1431      4.1318      4.0793  Siess     
    3.370000      4.0796      2.1458      4.1310      4.0796  Siess     
    3.375000      4.0799      2.1486      4.1301      4.0799  Siess     
    3.380000      4.0803      2.1514      4.1293      4.0803  Siess     
    3.385000      4.0806      2.1542      4.1285      4.0806  Siess     
    3.390000      4.0809      2.1569      4.1277      4.0809  Siess     
    3.395000      4.0812      2.1597      4.1269      4.0812  Siess     
    3.400000      4.0815      2.1624      4.1261      4.0815  Siess     
    3.405000      4.0819      2.1652      4.1252      4.0819  Siess     
    3.410000      4.0822      2.1679      4.1244      4.0822  Siess     
    3.415000      4.0825      2.1707      4.1236      4.0825  Siess     
    3.420000      4.0828      2.1734      4.1228      4.0828  Siess     
    3.425000      4.0831      2.1762      4.1220      4.0831  Siess     
    3.430000      4.0835      2.1789      4.1212      4.0835  Siess     
    3.435000      4.0838      2.1816      4.1204      4.0838  Siess     
    3.440000      4.0841      2.1844      4.1196      4.0841  Siess     
    3.445000      4.0844      2.1871      4.1188      4.0844  Siess     
    3.450000      4.0847      2.1898      4.1180      4.0847  Siess     
    3.455000      4.0850      2.1925      4.1172      4.0850  Siess     
    3.460000      4.0854      2.1952      4.1164      4.0854  Siess     
    3.465000      4.0857      2.1979      4.1156      4.0857  Siess     
    3.470000      4.0860      2.2006      4.1148      4.0860  Siess     
    3.475000      4.0863      2.2033      4.1140      4.0863  Siess     
    3.480000      4.0866      2.2060      4.1132      4.0866  Siess     
    3.485000      4.0869      2.2087      4.1124      4.0869  Siess     
    3.490000      4.0872      2.2114      4.1116      4.0872  Siess     
    3.495000      4.0876      2.2141      4.1108      4.0876  Siess     
    3.500000      4.0879      2.2168      4.1100      4.0879  Siess     
    3.505000      4.0881      2.2195      4.1088      4.0881  Siess     
    3.510000      4.0883      2.2223      4.1076      4.0883  Siess     
    3.515000      4.0886      2.2251      4.1065      4.0886  Siess     
    3.520000      4.0888      2.2278      4.1053      4.0888  Siess     
    3.525000      4.0890      2.2306      4.1041      4.0890  Siess     
    3.530000      4.0893      2.2333      4.1030      4.0893  Siess     
    3.535000      4.0895      2.2361      4.1018      4.0895  Siess     
    3.540000      4.0897      2.2388      4.1006      4.0897  Siess     
    3.545000      4.0899      2.2415      4.0995      4.0899  Siess     
    3.550000      4.0902      2.2443      4.0983      4.0902  Siess     
    3.555000      4.0904      2.2470      4.0972      4.0904  Siess     
    3.560000      4.0906      2.2497      4.0960      4.0906  Siess     
    3.565000      4.0909      2.2524      4.0948      4.0909  Siess     
    3.570000      4.0911      2.2551      4.0937      4.0911  Siess     
    3.575000      4.0913      2.2579      4.0925      4.0913  Siess     
    3.580000      4.0915      2.2606      4.0914      4.0915  Siess     
    3.585000      4.0918      2.2633      4.0902      4.0918  Siess     
    3.590000      4.0920      2.2660      4.0891      4.0920  Siess     
    3.595000      4.0922      2.2687      4.0879      4.0922  Siess     
    3.600000      4.0924      2.2714      4.0868      4.0924  Siess     
    3.605000      4.0927      2.2740      4.0857      4.0927  Siess     
    3.610000      4.0929      2.2767      4.0845      4.0929  Siess     
    3.615000      4.0931      2.2794      4.0834      4.0931  Siess     
    3.620000      4.0933      2.2821      4.0822      4.0933  Siess     
    3.625000      4.0936      2.2848      4.0811      4.0936  Siess     
    3.630000      4.0938      2.2874      4.0800      4.0938  Siess     
    3.635000      4.0940      2.2901      4.0788      4.0940  Siess     
    3.640000      4.0942      2.2928      4.0777      4.0942  Siess     
    3.645000      4.0945      2.2954      4.0766      4.0945  Siess     
    3.650000      4.0947      2.2981      4.0754      4.0947  Siess     
    3.655000      4.0949      2.3007      4.0743      4.0949  Siess     
    3.660000      4.0951      2.3034      4.0732      4.0951  Siess     
    3.665000      4.0954      2.3060      4.0721      4.0954  Siess     
    3.670000      4.0956      2.3087      4.0709      4.0956  Siess     
    3.675000      4.0958      2.3113      4.0698      4.0958  Siess     
    3.680000      4.0960      2.3140      4.0687      4.0960  Siess     
    3.685000      4.0962      2.3166      4.0676      4.0962  Siess     
    3.690000      4.0965      2.3192      4.0665      4.0965  Siess     
    3.695000      4.0967      2.3218      4.0653      4.0967  Siess     
    3.700000      4.0969      2.3245      4.0642      4.0969  Siess     
    3.705000      4.0971      2.3271      4.0631      4.0971  Siess     
    3.710000      4.0973      2.3297      4.0620      4.0973  Siess     
    3.715000      4.0976      2.3323      4.0609      4.0976  Siess     
    3.720000      4.0978      2.3349      4.0598      4.0978  Siess     
    3.725000      4.0980      2.3375      4.0587      4.0980  Siess     
    3.730000      4.0982      2.3401      4.0576      4.0982  Siess     
    3.735000      4.0984      2.3427      4.0565      4.0984  Siess     
    3.740000      4.0986      2.3453      4.0554      4.0986  Siess     
    3.745000      4.0989      2.3479      4.0543      4.0989  Siess     
    3.750000      4.0991      2.3505      4.0532      4.0991  Siess     
    3.755000      4.0993      2.3530      4.0521      4.0993  Siess     
    3.760000      4.0995      2.3556      4.0510      4.0995  Siess     
    3.765000      4.0997      2.3582      4.0499      4.0997  Siess     
    3.770000      4.0999      2.3608      4.0488      4.0999  Siess     
    3.775000      4.1002      2.3633      4.0477      4.1002  Siess     
    3.780000      4.1004      2.3659      4.0466      4.1004  Siess     
    3.785000      4.1006      2.3685      4.0455      4.1006  Siess     
    3.790000      4.1008      2.3710      4.0444      4.1008  Siess     
    3.795000      4.1010      2.3736      4.0433      4.1010  Siess     
    3.800000      4.1012      2.3761      4.0423      4.1012  Siess     
    3.805000      4.1014      2.3787      4.0412      4.1014  Siess     
    3.810000      4.1017      2.3812      4.0401      4.1017  Siess     
    3.815000      4.1019      2.3838      4.0390      4.1019  Siess     
    3.820000      4.1021      2.3863      4.0379      4.1021  Siess     
    3.825000      4.1023      2.3888      4.0369      4.1023  Siess     
    3.830000      4.1025      2.3914      4.0358      4.1025  Siess     
    3.835000      4.1027      2.3939      4.0347      4.1027  Siess     
    3.840000      4.1029      2.3964      4.0336      4.1029  Siess     
    3.845000      4.1031      2.3989      4.0326      4.1031  Siess     
    3.850000      4.1034      2.4015      4.0315      4.1034  Siess     
    3.855000      4.1036      2.4040      4.0304      4.1036  Siess     
    3.860000      4.1038      2.4065      4.0293      4.1038  Siess     
    3.865000      4.1040      2.4090      4.0283      4.1040  Siess     
    3.870000      4.1042      2.4115      4.0272      4.1042  Siess     
    3.875000      4.1044      2.4140      4.0262      4.1044  Siess     
    3.880000      4.1046      2.4165      4.0251      4.1046  Siess     
    3.885000      4.1048      2.4190      4.0240      4.1048  Siess     
    3.890000      4.1050      2.4215      4.0230      4.1050  Siess     
    3.895000      4.1052      2.4240      4.0219      4.1052  Siess     
    3.900000      4.1055      2.4265      4.0209      4.1055  Siess     
    3.905000      4.1057      2.4290      4.0198      4.1057  Siess     
    3.910000      4.1059      2.4314      4.0187      4.1059  Siess     
    3.915000      4.1061      2.4339      4.0177      4.1061  Siess     
    3.920000      4.1063      2.4364      4.0166      4.1063  Siess     
    3.925000      4.1065      2.4389      4.0156      4.1065  Siess     
    3.930000      4.1067      2.4413      4.0145      4.1067  Siess     
    3.935000      4.1069      2.4438      4.0135      4.1069  Siess     
    3.940000      4.1071      2.4462      4.0125      4.1071  Siess     
    3.945000      4.1073      2.4487      4.0114      4.1073  Siess     
    3.950000      4.1075      2.4512      4.0104      4.1075  Siess     
    3.955000      4.1077      2.4536      4.0093      4.1077  Siess     
    3.960000      4.1079      2.4561      4.0083      4.1079  Siess     
    3.965000      4.1081      2.4585      4.0072      4.1081  Siess     
    3.970000      4.1083      2.4609      4.0062      4.1083  Siess     
    3.975000      4.1086      2.4634      4.0052      4.1086  Siess     
    3.980000      4.1088      2.4658      4.0041      4.1088  Siess     
    3.985000      4.1090      2.4683      4.0031      4.1090  Siess     
    3.990000      4.1092      2.4707      4.0021      4.1092  Siess     
    3.995000      4.1094      2.4731      4.0010      4.1094  Siess     
    4.000000      4.1096      2.4755      4.0000      4.1096  Siess     
    4.005000      4.1097      2.4783      3.9985      4.1097  Siess     
    4.010000      4.1099      2.4811      3.9970      4.1099  Siess     
    4.015000      4.1101      2.4838      3.9955      4.1101  Siess     
    4.020000      4.1103      2.4866      3.9940      4.1103  Siess     
    4.025000      4.1104      2.4893      3.9925      4.1104  Siess     
    4.030000      4.1106      2.4921      3.9910      4.1106  Siess     
    4.035000      4.1108      2.4948      3.9895      4.1108  Siess     
    4.040000      4.1110      2.4976      3.9880      4.1110  Siess     
    4.045000      4.1111      2.5003      3.9865      4.1111  Siess     
    4.050000      4.1113      2.5030      3.9850      4.1113  Siess     
    4.055000      4.1115      2.5058      3.9835      4.1115  Siess     
    4.060000      4.1116      2.5085      3.9820      4.1116  Siess     
    4.065000      4.1118      2.5112      3.9805      4.1118  Siess     
    4.070000      4.1120      2.5139      3.9790      4.1120  Siess     
    4.075000      4.1122      2.5167      3.9775      4.1122  Siess     
    4.080000      4.1123      2.5194      3.9760      4.1123  Siess     
    4.085000      4.1125      2.5221      3.9746      4.1125  Siess     
    4.090000      4.1127      2.5248      3.9731      4.1127  Siess     
    4.095000      4.1128      2.5275      3.9716      4.1128  Siess     
    4.100000      4.1130      2.5302      3.9701      4.1130  Siess     
    4.105000      4.1132      2.5329      3.9686      4.1132  Siess     
    4.110000      4.1133      2.5356      3.9672      4.1133  Siess     
    4.115000      4.1135      2.5383      3.9657      4.1135  Siess     
    4.120000      4.1137      2.5410      3.9642      4.1137  Siess     
    4.125000      4.1138      2.5437      3.9628      4.1138  Siess     
    4.130000      4.1140      2.5463      3.9613      4.1140  Siess     
    4.135000      4.1142      2.5490      3.9598      4.1142  Siess     
    4.140000      4.1143      2.5517      3.9584      4.1143  Siess     
    4.145000      4.1145      2.5544      3.9569      4.1145  Siess     
    4.150000      4.1147      2.5570      3.9555      4.1147  Siess     
    4.155000      4.1148      2.5597      3.9540      4.1148  Siess     
    4.160000      4.1150      2.5624      3.9525      4.1150  Siess     
    4.165000      4.1152      2.5650      3.9511      4.1152  Siess     
    4.170000      4.1153      2.5677      3.9496      4.1153  Siess     
    4.175000      4.1155      2.5703      3.9482      4.1155  Siess     
    4.180000      4.1157      2.5730      3.9467      4.1157  Siess     
    4.185000      4.1158      2.5756      3.9453      4.1158  Siess     
    4.190000      4.1160      2.5783      3.9438      4.1160  Siess     
    4.195000      4.1162      2.5809      3.9424      4.1162  Siess     
    4.200000      4.1163      2.5836      3.9410      4.1163  Siess     
    4.205000      4.1165      2.5862      3.9395      4.1165  Siess     
    4.210000      4.1167      2.5888      3.9381      4.1167  Siess     
    4.215000      4.1168      2.5915      3.9367      4.1168  Siess     
    4.220000      4.1170      2.5941      3.9352      4.1170  Siess     
    4.225000      4.1172      2.5967      3.9338      4.1172  Siess     
    4.230000      4.1173      2.5993      3.9324      4.1173  Siess     
    4.235000      4.1175      2.6019      3.9309      4.1175  Siess     
    4.240000      4.1177      2.6046      3.9295      4.1177  Siess     
    4.245000      4.1178      2.6072      3.9281      4.1178  Siess     
    4.250000      4.1180      2.6098      3.9266      4.1180  Siess     
    4.255000      4.1181      2.6124      3.9252      4.1181  Siess     
    4.260000      4.1183      2.6150      3.9238      4.1183  Siess     
    4.265000      4.1185      2.6176      3.9224      4.1185  Siess     
    4.270000      4.1186      2.6202      3.9210      4.1186  Siess     
    4.275000      4.1188      2.6228      3.9195      4.1188  Siess     
    4.280000      4.1190      2.6253      3.9181      4.1190  Siess     
    4.285000      4.1191      2.6279      3.9167      4.1191  Siess     
    4.290000      4.1193      2.6305      3.9153      4.1193  Siess     
    4.295000      4.1194      2.6331      3.9139      4.1194  Siess     
    4.300000      4.1196      2.6357      3.9125      4.1196  Siess     
    4.305000      4.1198      2.6382      3.9111      4.1198  Siess     
    4.310000      4.1199      2.6408      3.9097      4.1199  Siess     
    4.315000      4.1201      2.6434      3.9083      4.1201  Siess     
    4.320000      4.1203      2.6459      3.9069      4.1203  Siess     
    4.325000      4.1204      2.6485      3.9055      4.1204  Siess     
    4.330000      4.1206      2.6511      3.9041      4.1206  Siess     
    4.335000      4.1207      2.6536      3.9027      4.1207  Siess     
    4.340000      4.1209      2.6562      3.9013      4.1209  Siess     
    4.345000      4.1211      2.6587      3.8999      4.1211  Siess     
    4.350000      4.1212      2.6613      3.8985      4.1212  Siess     
    4.355000      4.1214      2.6638      3.8971      4.1214  Siess     
    4.360000      4.1215      2.6663      3.8957      4.1215  Siess     
    4.365000      4.1217      2.6689      3.8943      4.1217  Siess     
    4.370000      4.1218      2.6714      3.8930      4.1218  Siess     
    4.375000      4.1220      2.6740      3.8916      4.1220  Siess     
    4.380000      4.1222      2.6765      3.8902      4.1222  Siess     
    4.385000      4.1223      2.6790      3.8888      4.1223  Siess     
    4.390000      4.1225      2.6815      3.8874      4.1225  Siess     
    4.395000      4.1226      2.6841      3.8861      4.1226  Siess     
    4.400000      4.1228      2.6866      3.8847      4.1228  Siess     
    4.405000      4.1230      2.6891      3.8833      4.1230  Siess     
    4.410000      4.1231      2.6916      3.8819      4.1231  Siess     
    4.415000      4.1233      2.6941      3.8806      4.1233  Siess     
    4.420000      4.1234      2.6966      3.8792      4.1234  Siess     
    4.425000      4.1236      2.6991      3.8778      4.1236  Siess     
    4.430000      4.1237      2.7016      3.8765      4.1237  Siess     
    4.435000      4.1239      2.7041      3.8751      4.1239  Siess     
    4.440000      4.1241      2.7066      3.8737      4.1241  Siess     
    4.445000      4.1242      2.7091      3.8724      4.1242  Siess     
    4.450000      4.1244      2.7116      3.8710      4.1244  Siess     
    4.455000      4.1245      2.7141      3.8696      4.1245  Siess     
    4.460000      4.1247      2.7166      3.8683      4.1247  Siess     
    4.465000      4.1248      2.7190      3.8669      4.1248  Siess     
    4.470000      4.1250      2.7215      3.8656      4.1250  Siess     
    4.475000      4.1251      2.7240      3.8642      4.1251  Siess     
    4.480000      4.1253      2.7265      3.8629      4.1253  Siess     
    4.485000      4.1255      2.7289      3.8615      4.1255  Siess     
    4.490000      4.1256      2.7314      3.8602      4.1256  Siess     
    4.495000      4.1258      2.7339      3.8588      4.1258  Siess     
    4.500000      4.1259      2.7363      3.8575      4.1259  Siess     
    4.505000      4.1261      2.7388      3.8561      4.1261  Siess     
    4.510000      4.1262      2.7412      3.8548      4.1262  Siess     
    4.515000      4.1264      2.7437      3.8535      4.1264  Siess     
    4.520000      4.1265      2.7461      3.8521      4.1265  Siess     
    4.525000      4.1267      2.7486      3.8508      4.1267  Siess     
    4.530000      4.1268      2.7510      3.8494      4.1268  Siess     
    4.535000      4.1270      2.7535      3.8481      4.1270  Siess     
    4.540000      4.1271      2.7559      3.8468      4.1271  Siess     
    4.545000      4.1273      2.7584      3.8454      4.1273  Siess     
    4.550000      4.1275      2.7608      3.8441      4.1275  Siess     
    4.555000      4.1276      2.7632      3.8428      4.1276  Siess     
    4.560000      4.1278      2.7657      3.8415      4.1278  Siess     
    4.565000      4.1279      2.7681      3.8401      4.1279  Siess     
    4.570000      4.1281      2.7705      3.8388      4.1281  Siess     
    4.575000      4.1282      2.7729      3.8375      4.1282  Siess     
    4.580000      4.1284      2.7753      3.8362      4.1284  Siess     
    4.585000      4.1285      2.7778      3.8348      4.1285  Siess     
    4.590000      4.1287      2.7802      3.8335      4.1287  Siess     
    4.595000      4.1288      2.7826      3.8322      4.1288  Siess     
    4.600000      4.1290      2.7850      3.8309      4.1290  Siess     
    4.605000      4.1291      2.7874      3.8296      4.1291  Siess     
    4.610000      4.1293      2.7898      3.8283      4.1293  Siess     
    4.615000      4.1294      2.7922      3.8270      4.1294  Siess     
    4.620000      4.1296      2.7946      3.8256      4.1296  Siess     
    4.625000      4.1297      2.7970      3.8243      4.1297  Siess     
    4.630000      4.1299      2.7994      3.8230      4.1299  Siess     
    4.635000      4.1300      2.8018      3.8217      4.1300  Siess     
    4.640000      4.1302      2.8042      3.8204      4.1302  Siess     
    4.645000      4.1303      2.8065      3.8191      4.1303  Siess     
    4.650000      4.1305      2.8089      3.8178      4.1305  Siess     
    4.655000      4.1306      2.8113      3.8165      4.1306  Siess     
    4.660000      4.1308      2.8137      3.8152      4.1308  Siess     
    4.665000      4.1309      2.8161      3.8139      4.1309  Siess     
    4.670000      4.1311      2.8184      3.8126      4.1311  Siess     
    4.675000      4.1312      2.8208      3.8113      4.1312  Siess     
    4.680000      4.1314      2.8232      3.8100      4.1314  Siess     
    4.685000      4.1315      2.8255      3.8087      4.1315  Siess     
    4.690000      4.1317      2.8279      3.8074      4.1317  Siess     
    4.695000      4.1318      2.8303      3.8062      4.1318  Siess     
    4.700000      4.1320      2.8326      3.8049      4.1320  Siess     
    4.705000      4.1321      2.8350      3.8036      4.1321  Siess     
    4.710000      4.1322      2.8373      3.8023      4.1322  Siess     
    4.715000      4.1324      2.8397      3.8010      4.1324  Siess     
    4.720000      4.1325      2.8420      3.7997      4.1325  Siess     
    4.725000      4.1327      2.8444      3.7984      4.1327  Siess     
    4.730000      4.1328      2.8467      3.7972      4.1328  Siess     
    4.735000      4.1330      2.8490      3.7959      4.1330  Siess     
    4.740000      4.1331      2.8514      3.7946      4.1331  Siess     
    4.745000      4.1333      2.8537      3.7933      4.1333  Siess     
    4.750000      4.1334      2.8560      3.7921      4.1334  Siess     
    4.755000      4.1336      2.8584      3.7908      4.1336  Siess     
    4.760000      4.1337      2.8607      3.7895      4.1337  Siess     
    4.765000      4.1339      2.8630      3.7882      4.1339  Siess     
    4.765000      4.1416      2.8937      3.7348      4.1416  Padova    
    4.770000      4.1414      2.8965      3.7315      4.1414  Padova    
    4.775000      4.1411      2.8993      3.7282      4.1411  Padova    
    4.780000      4.1409      2.9021      3.7249      4.1409  Padova    
    4.785000      4.1407      2.9048      3.7216      4.1407  Padova    
    4.790000      4.1404      2.9076      3.7184      4.1404  Padova    
    4.795000      4.1402      2.9104      3.7151      4.1402  Padova    
    4.800000      4.1399      2.9131      3.7118      4.1399  Padova    
    4.805000      4.1397      2.9159      3.7086      4.1397  Padova    
    4.810000      4.1395      2.9186      3.7053      4.1395  Padova    
    4.815000      4.1392      2.9214      3.7020      4.1392  Padova    
    4.820000      4.1390      2.9241      3.6988      4.1390  Padova    
    4.825000      4.1388      2.9269      3.6955      4.1388  Padova    
    4.830000      4.1385      2.9296      3.6923      4.1385  Padova    
    4.835000      4.1383      2.9324      3.6890      4.1383  Padova    
    4.840000      4.1381      2.9351      3.6858      4.1381  Padova    
    4.845000      4.1378      2.9379      3.6825      4.1378  Padova    
    4.850000      4.1376      2.9406      3.6793      4.1376  Padova    
    4.851860      4.1375      2.9416      3.6781      4.1375  Padova    
    4.855000      4.1372      2.9434      3.6755      4.1372  Padova    
    4.860000      4.1368      2.9463      3.6713      4.1368  Padova    
    4.865000      4.1364      2.9492      3.6672      4.1364  Padova    
    4.870000      4.1359      2.9521      3.6630      4.1359  Padova    
    4.875000      4.1355      2.9550      3.6588      4.1355  Padova    
    4.880000      4.1351      2.9579      3.6547      4.1351  Padova    
    4.885000      4.1346      2.9608      3.6505      4.1346  Padova    
    4.890000      4.1342      2.9637      3.6464      4.1342  Padova    
    4.895000      4.1338      2.9665      3.6423      4.1338  Padova    
    4.900000      4.1334      2.9694      3.6381      4.1334  Padova    
    4.905000      4.1329      2.9723      3.6340      4.1329  Padova    
    4.910000      4.1325      2.9752      3.6299      4.1325  Padova    
    4.915000      4.1321      2.9780      3.6258      4.1321  Padova    
    4.920000      4.1317      2.9809      3.6216      4.1317  Padova    
    4.925000      4.1312      2.9837      3.6175      4.1312  Padova    
    4.930000      4.1308      2.9866      3.6134      4.1308  Padova    
    4.935000      4.1304      2.9895      3.6093      4.1304  Padova    
    4.940000      4.1300      2.9923      3.6052      4.1300  Padova    
    4.945000      4.1295      2.9952      3.6011      4.1295  Padova    
    4.950000      4.1291      2.9980      3.5970      4.1291  Padova    
    4.950156      4.1291      2.9981      3.5969      4.1291  Padova    
    4.955000      4.1285      3.0010      3.5920      4.1285  Padova    
    4.960000      4.1279      3.0040      3.5870      4.1279  Padova    
    4.965000      4.1273      3.0069      3.5820      4.1273  Padova    
    4.970000      4.1267      3.0099      3.5771      4.1267  Padova    
    4.975000      4.1261      3.0129      3.5721      4.1261  Padova    
    4.980000      4.1254      3.0159      3.5671      4.1254  Padova    
    4.985000      4.1248      3.0188      3.5621      4.1248  Padova    
    4.990000      4.1242      3.0218      3.5571      4.1242  Padova    
    4.995000      4.1236      3.0247      3.5522      4.1236  Padova    
    5.000000      4.1230      3.0277      3.5472      4.1230  Padova    
    5.000000      4.1230      3.0277      3.5472      4.1230  Padova    
    5.005000      4.1224      3.0306      3.5421      4.1224  Padova    
    5.010000      4.1217      3.0336      3.5371      4.1217  Padova    
    5.015000      4.1211      3.0365      3.5320      4.1211  Padova    
    5.020000      4.1204      3.0394      3.5270      4.1204  Padova    
    5.025000      4.1198      3.0424      3.5219      4.1198  Padova    
    5.030000      4.1192      3.0453      3.5169      4.1192  Padova    
    5.034327      4.1186      3.0478      3.5125      4.1186  Padova    
    5.035000      4.1185      3.0482      3.5117      4.1185  Padova    
    5.040000      4.1178      3.0513      3.5061      4.1178  Padova    
    5.045000      4.1170      3.0545      3.5006      4.1170  Padova    
    5.050000      4.1163      3.0576      3.4950      4.1163  Padova    
    5.055000      4.1156      3.0607      3.4894      4.1156  Padova    
    5.060000      4.1148      3.0638      3.4838      4.1148  Padova    
    5.065000      4.1141      3.0669      3.4782      4.1141  Padova    
    5.070000      4.1134      3.0700      3.4727      4.1134  Padova    
    5.070614      4.1133      3.0704      3.4720      4.1133  Padova    
    5.075000      4.1127      3.0733      3.4671      4.1127  Padova    
    5.080000      4.1121      3.0767      3.4615      4.1121  Padova    
    5.085000      4.1114      3.0800      3.4560      4.1114  Padova    
    5.090000      4.1108      3.0834      3.4504      4.1108  Padova    
    5.095000      4.1101      3.0867      3.4449      4.1101  Padova    
    5.100000      4.1095      3.0900      3.4393      4.1095  Padova    
    5.103721      4.1090      3.0925      3.4352      4.1090  Padova    
    5.105000      4.1089      3.0935      3.4341      4.1089  Padova    
    5.110000      4.1087      3.0974      3.4299      4.1087  Padova    
    5.115000      4.1085      3.1013      3.4256      4.1085  Padova    
    5.120000      4.1083      3.1052      3.4213      4.1083  Padova    
    5.125000      4.1081      3.1090      3.4171      4.1081  Padova    
    5.125591      4.1081      3.1095      3.4166      4.1081  Padova    
    5.130000      4.1089      3.1139      3.4158      4.1089  Padova    
    5.135000      4.1098      3.1188      3.4150      4.1098  Padova    
    5.139449      4.1106      3.1232      3.4142      4.1106  Padova    
    5.140000      4.1110      3.1240      3.4150      4.1110  Padova    
    5.145000      4.1145      3.1314      3.4221      4.1145  Padova    
    5.150000      4.1180      3.1389      3.4292      4.1180  Padova    
    5.150367      4.1183      3.1394      3.4297      4.1183  Padova    
    5.155000      4.1297      3.1550      3.4599      4.1297  Padova    
    5.157722      4.1364      3.1641      3.4777      4.1364  Padova    
    5.159801      4.1518      3.1873      3.5165      4.1518  Padova    
    5.160000      4.1546      3.1924      3.5225      4.1546  Padova    
    5.161006      4.1685      3.2182      3.5528      4.1685  Padova    
    5.161118      4.1674      3.2119      3.5544      4.1674  Padova    
    5.161427      4.1525      3.1686      3.5382      4.1525  Padova    
    5.161756      4.1337      3.1613      3.4705      4.1337  Padova    
    5.162044      4.1187      3.1785      3.3930      4.1187  Padova    
    5.162414      4.1020      3.1969      3.3081      4.1020  Padova    
    5.162825      4.0839      3.2092      3.2234      4.0839  Padova    
    5.163298      4.0638      3.2161      3.1360      4.0638  Padova    
    5.163832      4.0410      3.2184      3.0427      4.0410  Padova    
    5.164190      4.0251      3.2175      2.9797      4.0251  Padova    
    5.164567      4.0076      3.2149      2.9127      4.0076  Padova    
    5.164944      3.9883      3.2102      2.8399      3.9883  Padova    
    5.165000      3.9852      3.2092      2.8287      3.9852  Padova    
    5.165341      3.9666      3.2031      2.7603      3.9666  Padova    
    5.165738      3.9423      3.1935      2.6730      3.9423  Padova    
    5.166134      3.9147      3.1804      2.5755      3.9147  Padova    
    5.166333      3.8992      3.1723      2.5218      3.8992  Padova    
    5.166551      3.8821      3.1628      2.4626      3.8821  Padova    
    5.166749      3.8636      3.1519      2.3997      3.8636  Padova    
    5.166947      3.8435      3.1394      2.3316      3.8435  Padova    
    5.167145      3.8208      3.1248      2.2557      3.8208  Padova    
    5.167343      3.7954      3.1076      2.1711      3.7954  Padova    
    5.167541      3.7666      3.0874      2.0764      3.7666  Padova    
    5.167719      3.7377      3.0635      1.9846      3.7377  Padova    
    5.167917      3.7131      3.0329      1.9169      3.7131  Padova    
    5.168115      3.6961      2.9949      1.8866      3.6961  Padova    
    5.168293      3.6823      2.9563      1.8701      3.6823  Padova    
    5.168471      3.6719      2.9354      1.8494      3.6719  Padova    
    5.168756      3.6554      2.9864      1.7325      3.6554  Padova    
    5.169021      3.6433      3.0807      1.5898      3.6433  Padova    
    5.169285      3.6367      3.1487      1.4954      3.6367  Padova    
    5.169733      3.6305      3.2114      1.4083      3.6305  Padova    
    5.170000      3.6279      3.2382      1.3712      3.6279  Padova    
    5.170303      3.6250      3.2686      1.3291      3.6250  Padova    
    5.170913      3.6197      3.3253      1.2510      3.6197  Padova    
    5.171523      3.6146      3.3841      1.1720      3.6146  Padova    
    5.172153      3.6100      3.4428      1.0948      3.6100  Padova    
    5.172762      3.6053      3.4976      1.0215      3.6053  Padova    
    5.173838      3.6011      3.5480      0.9540      3.6011  Padova    
    5.174771      3.6002      3.5579      0.9410      3.6002  Padova    
    5.175000      3.6003      3.5564      0.9431      3.6003  Padova    
    5.180000      3.6035      3.5237      0.9888      3.6035  Padova    
    5.183206      3.6056      3.5028      1.0181      3.6056  Padova    
    5.185000      3.6078      3.4788      1.0511      3.6078  Padova    
    5.187374      3.6107      3.4470      1.0948      3.6107  Padova    
    5.190000      3.6145      3.4027      1.1545      3.6145  Padova    
    5.191125      3.6161      3.3837      1.1800      3.6161  Padova    
    5.194666      3.6217      3.3205      1.2660      3.6217  Padova    
    5.195000      3.6222      3.3149      1.2738      3.6222  Padova    
    5.197936      3.6270      3.2654      1.3426      3.6270  Padova    
    5.200000      3.6298      3.2359      1.3834      3.6298  Padova    
    5.201655      3.6320      3.2122      1.4161      3.6320  Padova    
    5.205000      3.6357      3.1769      1.4662      3.6357  Padova    
    5.206868      3.6377      3.1572      1.4942      3.6377  Padova    
    5.210000      3.6402      3.1375      1.5241      3.6402  Padova    
    5.215000      3.6441      3.1060      1.5718      3.6441  Padova    
    5.215265      3.6443      3.1043      1.5743      3.6443  Padova    
    5.220000      3.6473      3.0949      1.5959      3.6473  Padova    
    5.225000      3.6504      3.0850      1.6186      3.6504  Padova    
    5.227129      3.6517      3.0808      1.6283      3.6517  Padova    
    5.230000      3.6548      3.0915      1.6303      3.6548  Padova    
    5.235000      3.6603      3.1101      1.6338      3.6603  Padova    
    5.236940      3.6624      3.1173      1.6352      3.6624  Padova    
    5.240000      3.6705      3.1490      1.6365      3.6705  Padova    
    5.240602      3.6721      3.1552      1.6367      3.6721  Padova    
    5.243096      3.6849      3.1859      1.6571      3.6849  Padova    
    5.245000      3.6934      3.1981      1.6790      3.6934  Padova    
    5.247242      3.7033      3.2124      1.7047      3.7033  Padova    
    5.250000      3.7044      3.2155      1.7063      3.7044  Padova    
    5.255000      3.7064      3.2210      1.7092      3.7064  Padova    
    5.260000      3.7084      3.2265      1.7121      3.7084  Padova    
    5.265000      3.7104      3.2320      1.7149      3.7104  Padova    
    5.270000      3.7124      3.2375      1.7178      3.7124  Padova    
    5.275000      3.7144      3.2430      1.7207      3.7144  Padova    
    5.280000      3.7164      3.2485      1.7235      3.7164  Padova    
    5.285000      3.7184      3.2540      1.7264      3.7184  Padova    
    5.290000      3.7204      3.2595      1.7293      3.7204  Padova    
    5.295000      3.7223      3.2650      1.7321      3.7223  Padova    
    5.300000      3.7243      3.2705      1.7350      3.7243  Padova    
    5.305000      3.7263      3.2760      1.7378      3.7263  Padova    
    5.306505      3.7269      3.2776      1.7387      3.7269  Padova    
    5.310000      3.7253      3.2793      1.7311      3.7253  Padova    
    5.315000      3.7231      3.2817      1.7201      3.7231  Padova    
    5.320000      3.7209      3.2841      1.7092      3.7209  Padova    
    5.325000      3.7186      3.2865      1.6983      3.7186  Padova    
    5.330000      3.7164      3.2888      1.6875      3.7164  Padova    
    5.335000      3.7141      3.2912      1.6766      3.7141  Padova    
    5.338907      3.7124      3.2931      1.6681      3.7124  Padova    
    5.340000      3.7109      3.2924      1.6627      3.7109  Padova    
    5.345000      3.7038      3.2892      1.6381      3.7038  Padova    
    5.350000      3.6968      3.2861      1.6135      3.6968  Padova    
    5.352207      3.6937      3.2847      1.6026      3.6937  Padova    
    5.355000      3.6878      3.2795      1.5843      3.6878  Padova    
    5.360000      3.6772      3.2702      1.5517      3.6772  Padova    
    5.362949      3.6709      3.2647      1.5324      3.6709  Padova    
    5.365000      3.6678      3.2595      1.5253      3.6678  Padova    
    5.370000      3.6602      3.2467      1.5081      3.6602  Padova    
    5.375000      3.6526      3.2340      1.4908      3.6526  Padova    
    5.377594      3.6487      3.2274      1.4819      3.6487  Padova    
    5.380000      3.6468      3.2337      1.4682      3.6468  Padova    
    5.385000      3.6428      3.2467      1.4397      3.6428  Padova    
    5.390000      3.6388      3.2596      1.4113      3.6388  Padova    
    5.395000      3.6349      3.2726      1.3829      3.6349  Padova    
    5.395568      3.6344      3.2741      1.3797      3.6344  Padova    
    5.396994      3.6282      3.3197      1.3092      3.6282  Padova    
    5.397065      3.6272      3.3284      1.2966      3.6272  Padova    
    5.397340      3.6220      3.3804      1.2240      3.6220  Padova    
    5.398748      3.6160      3.4419      1.1385      3.6160  Padova    
    5.399263      3.6119      3.4873      1.0766      3.6119  Padova    
    5.400000      3.6064      3.5492      0.9925      3.6064  Padova    
    5.400052      3.6060      3.5536      0.9866      3.6060  Padova    
    5.401046      3.6004      3.6151      0.9031      3.6004  Padova    
    5.402143      3.5947      3.6772      0.8183      3.5947  Padova    
    5.403050      3.5900      3.7318      0.7449      3.5900  Padova    
    5.403974      3.5844      3.7927      0.6615      3.5844  Padova    
    5.404691      3.5793      3.8478      0.5860      3.5793  Padova    
    5.405000      3.5767      3.8741      0.5496      3.5767  Padova    
    5.405341      3.5739      3.9031      0.5094      3.5739  Padova    
    5.405870      3.5686      3.9557      0.4356      3.5686  Padova    
    5.406331      3.5638      4.0043      0.3676      3.5638  Padova    
    5.406962      3.5596      4.0600      0.2955      3.5596  Padova    
    5.407252      3.5561      4.1016      0.2396      3.5561  Padova    
    5.407491      3.5521      4.1409      0.1847      3.5521  Padova    
    5.407746      3.5471      4.1901      0.1153      3.5471  Padova    
    5.408190      3.5456      4.2029      0.0965      3.5456  Padova    
    5.408257      3.5422      4.2356      0.0502      3.5422  Padova    
    5.408343      3.5387      4.2693      0.0025      3.5387  Padova    
    5.408462      3.5350      4.3017     -0.0445      3.5350  Padova    
