    # M_init       log T       log L       log g    log T WR  Source    
    # (Msun)    (Kelvin)      (Lsun)          ()    (Kelvin)  ()        
    0.100000      3.4585     -2.9009      5.2145      3.4585  Siess     
    0.105000      3.4641     -2.8457      5.2094      3.4641  Siess     
    0.110000      3.4695     -2.7930      5.2046      3.4695  Siess     
    0.115000      3.4747     -2.7427      5.2001      3.4747  Siess     
    0.120000      3.4796     -2.6945      5.1957      3.4796  Siess     
    0.125000      3.4844     -2.6483      5.1915      3.4844  Siess     
    0.130000      3.4889     -2.6039      5.1874      3.4889  Siess     
    0.135000      3.4917     -2.5678      5.1792      3.4917  Siess     
    0.140000      3.4944     -2.5329      5.1712      3.4944  Siess     
    0.145000      3.4969     -2.4993      5.1635      3.4969  Siess     
    0.150000      3.4994     -2.4668      5.1561      3.4994  Siess     
    0.155000      3.5018     -2.4354      5.1489      3.5018  Siess     
    0.160000      3.5041     -2.4050      5.1420      3.5041  Siess     
    0.165000      3.5060     -2.3791      5.1360      3.5060  Siess     
    0.170000      3.5077     -2.3539      5.1302      3.5077  Siess     
    0.175000      3.5095     -2.3294      5.1246      3.5095  Siess     
    0.180000      3.5112     -2.3057      5.1191      3.5112  Siess     
    0.185000      3.5128     -2.2825      5.1138      3.5128  Siess     
    0.190000      3.5144     -2.2600      5.1086      3.5144  Siess     
    0.195000      3.5160     -2.2381      5.1036      3.5160  Siess     
    0.200000      3.5175     -2.2168      5.0986      3.5175  Siess     
    0.205000      3.5195     -2.1953      5.0944      3.5195  Siess     
    0.210000      3.5215     -2.1743      5.0902      3.5215  Siess     
    0.215000      3.5234     -2.1538      5.0861      3.5234  Siess     
    0.220000      3.5253     -2.1338      5.0821      3.5253  Siess     
    0.225000      3.5271     -2.1142      5.0782      3.5271  Siess     
    0.230000      3.5290     -2.0951      5.0744      3.5290  Siess     
    0.235000      3.5307     -2.0764      5.0707      3.5307  Siess     
    0.240000      3.5324     -2.0581      5.0671      3.5324  Siess     
    0.245000      3.5341     -2.0401      5.0635      3.5341  Siess     
    0.250000      3.5358     -2.0225      5.0600      3.5358  Siess     
    0.255000      3.5370     -2.0066      5.0557      3.5370  Siess     
    0.260000      3.5382     -1.9909      5.0514      3.5382  Siess     
    0.265000      3.5394     -1.9756      5.0472      3.5394  Siess     
    0.270000      3.5405     -1.9605      5.0431      3.5405  Siess     
    0.275000      3.5417     -1.9457      5.0391      3.5417  Siess     
    0.280000      3.5428     -1.9312      5.0351      3.5428  Siess     
    0.285000      3.5439     -1.9170      5.0313      3.5439  Siess     
    0.290000      3.5449     -1.9030      5.0274      3.5449  Siess     
    0.295000      3.5460     -1.8892      5.0237      3.5460  Siess     
    0.300000      3.5470     -1.8756      5.0200      3.5470  Siess     
    0.305000      3.5481     -1.8609      5.0166      3.5481  Siess     
    0.310000      3.5491     -1.8463      5.0132      3.5491  Siess     
    0.315000      3.5501     -1.8320      5.0098      3.5501  Siess     
    0.320000      3.5510     -1.8180      5.0065      3.5510  Siess     
    0.325000      3.5520     -1.8041      5.0033      3.5520  Siess     
    0.330000      3.5530     -1.7905      5.0001      3.5530  Siess     
    0.335000      3.5539     -1.7770      4.9970      3.5539  Siess     
    0.340000      3.5548     -1.7638      4.9939      3.5548  Siess     
    0.345000      3.5557     -1.7507      4.9909      3.5557  Siess     
    0.350000      3.5566     -1.7379      4.9878      3.5566  Siess     
    0.355000      3.5575     -1.7252      4.9849      3.5575  Siess     
    0.360000      3.5584     -1.7127      4.9820      3.5584  Siess     
    0.365000      3.5592     -1.7004      4.9791      3.5592  Siess     
    0.370000      3.5601     -1.6882      4.9763      3.5601  Siess     
    0.375000      3.5609     -1.6762      4.9735      3.5609  Siess     
    0.380000      3.5617     -1.6644      4.9707      3.5617  Siess     
    0.385000      3.5625     -1.6527      4.9680      3.5625  Siess     
    0.390000      3.5633     -1.6412      4.9653      3.5633  Siess     
    0.395000      3.5641     -1.6298      4.9626      3.5641  Siess     
    0.400000      3.5649     -1.6186      4.9600      3.5649  Siess     
    0.405000      3.5658     -1.6047      4.9565      3.5658  Siess     
    0.410000      3.5667     -1.5911      4.9531      3.5667  Siess     
    0.415000      3.5675     -1.5776      4.9497      3.5675  Siess     
    0.420000      3.5684     -1.5642      4.9464      3.5684  Siess     
    0.425000      3.5692     -1.5510      4.9431      3.5692  Siess     
    0.430000      3.5700     -1.5380      4.9399      3.5700  Siess     
    0.435000      3.5708     -1.5251      4.9366      3.5708  Siess     
    0.440000      3.5716     -1.5124      4.9334      3.5716  Siess     
    0.445000      3.5724     -1.4998      4.9303      3.5724  Siess     
    0.450000      3.5732     -1.4874      4.9272      3.5732  Siess     
    0.455000      3.5740     -1.4751      4.9241      3.5740  Siess     
    0.460000      3.5748     -1.4629      4.9211      3.5748  Siess     
    0.465000      3.5755     -1.4509      4.9180      3.5755  Siess     
    0.470000      3.5763     -1.4389      4.9151      3.5763  Siess     
    0.475000      3.5770     -1.4272      4.9121      3.5770  Siess     
    0.480000      3.5778     -1.4155      4.9092      3.5778  Siess     
    0.485000      3.5785     -1.4040      4.9063      3.5785  Siess     
    0.490000      3.5792     -1.3925      4.9035      3.5792  Siess     
    0.495000      3.5800     -1.3812      4.9006      3.5800  Siess     
    0.500000      3.5807     -1.3700      4.8978      3.5807  Siess     
    0.505000      3.5817     -1.3567      4.8930      3.5817  Siess     
    0.510000      3.5827     -1.3434      4.8883      3.5827  Siess     
    0.515000      3.5837     -1.3303      4.8836      3.5837  Siess     
    0.520000      3.5846     -1.3173      4.8789      3.5846  Siess     
    0.525000      3.5856     -1.3044      4.8743      3.5856  Siess     
    0.530000      3.5866     -1.2917      4.8698      3.5866  Siess     
    0.535000      3.5875     -1.2791      4.8652      3.5875  Siess     
    0.540000      3.5884     -1.2666      4.8608      3.5884  Siess     
    0.545000      3.5894     -1.2542      4.8563      3.5894  Siess     
    0.550000      3.5903     -1.2419      4.8519      3.5903  Siess     
    0.555000      3.5912     -1.2297      4.8476      3.5912  Siess     
    0.560000      3.5921     -1.2177      4.8432      3.5921  Siess     
    0.565000      3.5930     -1.2057      4.8390      3.5930  Siess     
    0.570000      3.5939     -1.1939      4.8347      3.5939  Siess     
    0.575000      3.5948     -1.1822      4.8305      3.5948  Siess     
    0.580000      3.5957     -1.1705      4.8263      3.5957  Siess     
    0.585000      3.5965     -1.1590      4.8222      3.5965  Siess     
    0.590000      3.5974     -1.1475      4.8181      3.5974  Siess     
    0.595000      3.5982     -1.1362      4.8140      3.5982  Siess     
    0.600000      3.5991     -1.1249      4.8100      3.5991  Siess     
    0.605000      3.6006     -1.1121      4.8052      3.6006  Siess     
    0.610000      3.6021     -1.0993      4.8003      3.6021  Siess     
    0.615000      3.6036     -1.0867      4.7956      3.6036  Siess     
    0.620000      3.6051     -1.0742      4.7909      3.6051  Siess     
    0.625000      3.6066     -1.0617      4.7862      3.6066  Siess     
    0.630000      3.6080     -1.0494      4.7815      3.6080  Siess     
    0.635000      3.6095     -1.0372      4.7769      3.6095  Siess     
    0.640000      3.6109     -1.0250      4.7723      3.6109  Siess     
    0.645000      3.6123     -1.0130      4.7678      3.6123  Siess     
    0.650000      3.6137     -1.0010      4.7633      3.6137  Siess     
    0.655000      3.6151     -0.9891      4.7588      3.6151  Siess     
    0.660000      3.6165     -0.9774      4.7544      3.6165  Siess     
    0.665000      3.6179     -0.9657      4.7499      3.6179  Siess     
    0.670000      3.6193     -0.9541      4.7456      3.6193  Siess     
    0.675000      3.6206     -0.9426      4.7412      3.6206  Siess     
    0.680000      3.6220     -0.9312      4.7369      3.6220  Siess     
    0.685000      3.6233     -0.9198      4.7326      3.6233  Siess     
    0.690000      3.6247     -0.9085      4.7284      3.6247  Siess     
    0.695000      3.6260     -0.8974      4.7242      3.6260  Siess     
    0.700000      3.6273     -0.8863      4.7200      3.6273  Siess     
    0.705000      3.6293     -0.8728      4.7157      3.6293  Siess     
    0.710000      3.6313     -0.8594      4.7115      3.6313  Siess     
    0.715000      3.6332     -0.8461      4.7073      3.6332  Siess     
    0.720000      3.6352     -0.8329      4.7031      3.6352  Siess     
    0.725000      3.6371     -0.8198      4.6990      3.6371  Siess     
    0.730000      3.6391     -0.8068      4.6949      3.6391  Siess     
    0.735000      3.6410     -0.7938      4.6908      3.6410  Siess     
    0.740000      3.6429     -0.7810      4.6867      3.6429  Siess     
    0.745000      3.6448     -0.7682      4.6827      3.6448  Siess     
    0.750000      3.6466     -0.7556      4.6787      3.6466  Siess     
    0.755000      3.6485     -0.7430      4.6747      3.6485  Siess     
    0.760000      3.6504     -0.7305      4.6707      3.6504  Siess     
    0.765000      3.6522     -0.7180      4.6668      3.6522  Siess     
    0.770000      3.6540     -0.7057      4.6629      3.6540  Siess     
    0.775000      3.6558     -0.6934      4.6590      3.6558  Siess     
    0.780000      3.6576     -0.6812      4.6552      3.6576  Siess     
    0.785000      3.6594     -0.6691      4.6513      3.6594  Siess     
    0.790000      3.6612     -0.6571      4.6475      3.6612  Siess     
    0.795000      3.6630     -0.6452      4.6438      3.6630  Siess     
    0.800000      3.6647     -0.6333      4.6400      3.6647  Siess     
    0.805000      3.6666     -0.6206      4.6372      3.6666  Siess     
    0.810000      3.6684     -0.6079      4.6344      3.6684  Siess     
    0.815000      3.6702     -0.5954      4.6317      3.6702  Siess     
    0.820000      3.6720     -0.5829      4.6290      3.6720  Siess     
    0.825000      3.6738     -0.5705      4.6262      3.6738  Siess     
    0.830000      3.6756     -0.5581      4.6235      3.6756  Siess     
    0.835000      3.6774     -0.5459      4.6209      3.6774  Siess     
    0.840000      3.6791     -0.5337      4.6182      3.6791  Siess     
    0.845000      3.6809     -0.5216      4.6155      3.6809  Siess     
    0.850000      3.6826     -0.5095      4.6129      3.6826  Siess     
    0.855000      3.6844     -0.4975      4.6103      3.6844  Siess     
    0.860000      3.6861     -0.4856      4.6077      3.6861  Siess     
    0.865000      3.6878     -0.4738      4.6051      3.6878  Siess     
    0.870000      3.6895     -0.4620      4.6025      3.6895  Siess     
    0.875000      3.6912     -0.4504      4.6000      3.6912  Siess     
    0.880000      3.6929     -0.4387      4.5974      3.6929  Siess     
    0.885000      3.6945     -0.4272      4.5949      3.6945  Siess     
    0.890000      3.6962     -0.4157      4.5924      3.6962  Siess     
    0.895000      3.6978     -0.4042      4.5899      3.6978  Siess     
    0.900000      3.6995     -0.3928      4.5874      3.6995  Siess     
    0.905000      3.7011     -0.3812      4.5843      3.7011  Siess     
    0.910000      3.7027     -0.3696      4.5813      3.7027  Siess     
    0.915000      3.7043     -0.3581      4.5784      3.7043  Siess     
    0.920000      3.7058     -0.3467      4.5754      3.7058  Siess     
    0.925000      3.7074     -0.3353      4.5724      3.7074  Siess     
    0.930000      3.7089     -0.3240      4.5695      3.7089  Siess     
    0.935000      3.7105     -0.3127      4.5666      3.7105  Siess     
    0.940000      3.7120     -0.3015      4.5637      3.7120  Siess     
    0.945000      3.7135     -0.2904      4.5608      3.7135  Siess     
    0.950000      3.7151     -0.2793      4.5579      3.7151  Siess     
    0.955000      3.7166     -0.2683      4.5551      3.7166  Siess     
    0.960000      3.7181     -0.2573      4.5522      3.7181  Siess     
    0.965000      3.7196     -0.2464      4.5494      3.7196  Siess     
    0.970000      3.7211     -0.2355      4.5466      3.7211  Siess     
    0.975000      3.7226     -0.2247      4.5438      3.7226  Siess     
    0.980000      3.7240     -0.2140      4.5410      3.7240  Siess     
    0.985000      3.7255     -0.2033      4.5382      3.7255  Siess     
    0.990000      3.7269     -0.1927      4.5355      3.7269  Siess     
    0.995000      3.7284     -0.1821      4.5327      3.7284  Siess     
    1.000000      3.7298     -0.1716      4.5300      3.7298  Siess     
    1.005000      3.7311     -0.1613      4.5269      3.7311  Siess     
    1.010000      3.7324     -0.1510      4.5237      3.7324  Siess     
    1.015000      3.7337     -0.1408      4.5206      3.7337  Siess     
    1.020000      3.7350     -0.1306      4.5175      3.7350  Siess     
    1.025000      3.7363     -0.1205      4.5145      3.7363  Siess     
    1.030000      3.7375     -0.1105      4.5114      3.7375  Siess     
    1.035000      3.7388     -0.1004      4.5083      3.7388  Siess     
    1.040000      3.7400     -0.0905      4.5053      3.7400  Siess     
    1.045000      3.7413     -0.0806      4.5023      3.7413  Siess     
    1.050000      3.7425     -0.0707      4.4993      3.7425  Siess     
    1.055000      3.7437     -0.0609      4.4963      3.7437  Siess     
    1.060000      3.7450     -0.0511      4.4933      3.7450  Siess     
    1.065000      3.7462     -0.0414      4.4904      3.7462  Siess     
    1.070000      3.7474     -0.0317      4.4874      3.7474  Siess     
    1.075000      3.7486     -0.0221      4.4845      3.7486  Siess     
    1.080000      3.7498     -0.0125      4.4816      3.7498  Siess     
    1.085000      3.7510     -0.0029      4.4786      3.7510  Siess     
    1.090000      3.7522      0.0066      4.4757      3.7522  Siess     
    1.095000      3.7534      0.0161      4.4729      3.7534  Siess     
    1.100000      3.7546      0.0255      4.4700      3.7546  Siess     
    1.105000      3.7557      0.0357      4.4664      3.7557  Siess     
    1.110000      3.7569      0.0458      4.4627      3.7569  Siess     
    1.115000      3.7580      0.0559      4.4591      3.7580  Siess     
    1.120000      3.7592      0.0659      4.4555      3.7592  Siess     
    1.125000      3.7603      0.0759      4.4519      3.7603  Siess     
    1.130000      3.7614      0.0858      4.4484      3.7614  Siess     
    1.135000      3.7626      0.0958      4.4448      3.7626  Siess     
    1.140000      3.7637      0.1056      4.4413      3.7637  Siess     
    1.145000      3.7648      0.1154      4.4377      3.7648  Siess     
    1.150000      3.7659      0.1252      4.4342      3.7659  Siess     
    1.155000      3.7670      0.1349      4.4307      3.7670  Siess     
    1.160000      3.7681      0.1446      4.4273      3.7681  Siess     
    1.165000      3.7692      0.1543      4.4238      3.7692  Siess     
    1.170000      3.7703      0.1639      4.4204      3.7703  Siess     
    1.175000      3.7714      0.1735      4.4169      3.7714  Siess     
    1.180000      3.7725      0.1830      4.4135      3.7725  Siess     
    1.185000      3.7736      0.1925      4.4101      3.7736  Siess     
    1.190000      3.7746      0.2019      4.4067      3.7746  Siess     
    1.195000      3.7757      0.2113      4.4034      3.7757  Siess     
    1.200000      3.7768      0.2207      4.4000      3.7768  Siess     
    1.205000      3.7778      0.2296      4.3974      3.7778  Siess     
    1.210000      3.7789      0.2385      4.3948      3.7789  Siess     
    1.215000      3.7800      0.2474      4.3922      3.7800  Siess     
    1.220000      3.7810      0.2562      4.3897      3.7810  Siess     
    1.225000      3.7821      0.2650      4.3871      3.7821  Siess     
    1.230000      3.7831      0.2737      4.3846      3.7831  Siess     
    1.235000      3.7842      0.2825      4.3820      3.7842  Siess     
    1.240000      3.7852      0.2911      4.3795      3.7852  Siess     
    1.245000      3.7862      0.2998      4.3770      3.7862  Siess     
    1.250000      3.7873      0.3084      4.3745      3.7873  Siess     
    1.255000      3.7883      0.3170      4.3720      3.7883  Siess     
    1.260000      3.7893      0.3255      4.3695      3.7893  Siess     
    1.265000      3.7903      0.3340      4.3670      3.7903  Siess     
    1.270000      3.7913      0.3425      4.3646      3.7913  Siess     
    1.275000      3.7924      0.3509      4.3621      3.7924  Siess     
    1.280000      3.7934      0.3593      4.3597      3.7934  Siess     
    1.285000      3.7944      0.3677      4.3572      3.7944  Siess     
    1.290000      3.7954      0.3761      4.3548      3.7954  Siess     
    1.295000      3.7964      0.3844      4.3524      3.7964  Siess     
    1.300000      3.7973      0.3926      4.3500      3.7973  Siess     
    1.305000      3.7984      0.4006      4.3474      3.7984  Siess     
    1.310000      3.7994      0.4086      4.3448      3.7994  Siess     
    1.315000      3.8004      0.4165      4.3423      3.8004  Siess     
    1.320000      3.8014      0.4243      4.3397      3.8014  Siess     
    1.325000      3.8024      0.4322      4.3371      3.8024  Siess     
    1.330000      3.8033      0.4400      4.3346      3.8033  Siess     
    1.335000      3.8043      0.4478      4.3321      3.8043  Siess     
    1.340000      3.8053      0.4555      4.3296      3.8053  Siess     
    1.345000      3.8063      0.4633      4.3270      3.8063  Siess     
    1.350000      3.8073      0.4710      4.3245      3.8073  Siess     
    1.355000      3.8082      0.4787      4.3220      3.8082  Siess     
    1.360000      3.8092      0.4863      4.3196      3.8092  Siess     
    1.365000      3.8102      0.4939      4.3171      3.8102  Siess     
    1.370000      3.8111      0.5015      4.3146      3.8111  Siess     
    1.375000      3.8121      0.5091      4.3122      3.8121  Siess     
    1.380000      3.8130      0.5166      4.3097      3.8130  Siess     
    1.385000      3.8140      0.5241      4.3073      3.8140  Siess     
    1.390000      3.8149      0.5316      4.3048      3.8149  Siess     
    1.395000      3.8159      0.5390      4.3024      3.8159  Siess     
    1.400000      3.8168      0.5465      4.3000      3.8168  Siess     
    1.405000      3.8179      0.5534      4.2990      3.8179  Siess     
    1.410000      3.8189      0.5603      4.2979      3.8189  Siess     
    1.415000      3.8200      0.5671      4.2969      3.8200  Siess     
    1.420000      3.8210      0.5740      4.2959      3.8210  Siess     
    1.425000      3.8220      0.5808      4.2949      3.8220  Siess     
    1.430000      3.8231      0.5876      4.2939      3.8231  Siess     
    1.435000      3.8241      0.5944      4.2928      3.8241  Siess     
    1.440000      3.8251      0.6011      4.2918      3.8251  Siess     
    1.445000      3.8261      0.6079      4.2908      3.8261  Siess     
    1.450000      3.8272      0.6146      4.2898      3.8272  Siess     
    1.455000      3.8282      0.6213      4.2888      3.8282  Siess     
    1.460000      3.8292      0.6279      4.2878      3.8292  Siess     
    1.465000      3.8302      0.6345      4.2868      3.8302  Siess     
    1.470000      3.8312      0.6412      4.2859      3.8312  Siess     
    1.475000      3.8322      0.6477      4.2849      3.8322  Siess     
    1.480000      3.8332      0.6543      4.2839      3.8332  Siess     
    1.485000      3.8342      0.6609      4.2829      3.8342  Siess     
    1.490000      3.8352      0.6674      4.2819      3.8352  Siess     
    1.495000      3.8362      0.6739      4.2810      3.8362  Siess     
    1.500000      3.8371      0.6804      4.2800      3.8371  Siess     
    1.505000      3.8384      0.6869      4.2795      3.8384  Siess     
    1.510000      3.8397      0.6934      4.2791      3.8397  Siess     
    1.515000      3.8409      0.6998      4.2786      3.8409  Siess     
    1.520000      3.8422      0.7063      4.2782      3.8422  Siess     
    1.525000      3.8434      0.7127      4.2777      3.8434  Siess     
    1.530000      3.8447      0.7191      4.2773      3.8447  Siess     
    1.535000      3.8459      0.7255      4.2768      3.8459  Siess     
    1.540000      3.8471      0.7319      4.2764      3.8471  Siess     
    1.545000      3.8484      0.7382      4.2759      3.8484  Siess     
    1.550000      3.8496      0.7445      4.2755      3.8496  Siess     
    1.555000      3.8508      0.7508      4.2750      3.8508  Siess     
    1.560000      3.8520      0.7571      4.2746      3.8520  Siess     
    1.565000      3.8532      0.7634      4.2741      3.8532  Siess     
    1.570000      3.8544      0.7696      4.2737      3.8544  Siess     
    1.575000      3.8556      0.7758      4.2733      3.8556  Siess     
    1.580000      3.8569      0.7820      4.2728      3.8569  Siess     
    1.585000      3.8580      0.7882      4.2724      3.8580  Siess     
    1.590000      3.8592      0.7944      4.2720      3.8592  Siess     
    1.595000      3.8604      0.8005      4.2715      3.8604  Siess     
    1.600000      3.8616      0.8067      4.2711      3.8616  Siess     
    1.605000      3.8628      0.8128      4.2710      3.8628  Siess     
    1.610000      3.8640      0.8190      4.2710      3.8640  Siess     
    1.615000      3.8651      0.8252      4.2709      3.8651  Siess     
    1.620000      3.8663      0.8313      4.2709      3.8663  Siess     
    1.625000      3.8675      0.8374      4.2708      3.8675  Siess     
    1.630000      3.8686      0.8435      4.2708      3.8686  Siess     
    1.635000      3.8698      0.8496      4.2707      3.8698  Siess     
    1.640000      3.8709      0.8556      4.2706      3.8709  Siess     
    1.645000      3.8721      0.8617      4.2706      3.8721  Siess     
    1.650000      3.8732      0.8677      4.2705      3.8732  Siess     
    1.655000      3.8744      0.8737      4.2705      3.8744  Siess     
    1.660000      3.8755      0.8797      4.2704      3.8755  Siess     
    1.665000      3.8767      0.8857      4.2704      3.8767  Siess     
    1.670000      3.8778      0.8916      4.2703      3.8778  Siess     
    1.675000      3.8789      0.8975      4.2703      3.8789  Siess     
    1.680000      3.8801      0.9034      4.2702      3.8801  Siess     
    1.685000      3.8812      0.9093      4.2702      3.8812  Siess     
    1.690000      3.8823      0.9152      4.2701      3.8823  Siess     
    1.695000      3.8834      0.9211      4.2701      3.8834  Siess     
    1.700000      3.8845      0.9269      4.2700      3.8845  Siess     
    1.705000      3.8855      0.9324      4.2695      3.8855  Siess     
    1.710000      3.8865      0.9379      4.2690      3.8865  Siess     
    1.715000      3.8874      0.9433      4.2685      3.8874  Siess     
    1.720000      3.8884      0.9488      4.2680      3.8884  Siess     
    1.725000      3.8893      0.9542      4.2674      3.8893  Siess     
    1.730000      3.8903      0.9596      4.2669      3.8903  Siess     
    1.735000      3.8913      0.9650      4.2664      3.8913  Siess     
    1.740000      3.8922      0.9704      4.2659      3.8922  Siess     
    1.745000      3.8932      0.9758      4.2654      3.8932  Siess     
    1.750000      3.8941      0.9811      4.2649      3.8941  Siess     
    1.755000      3.8950      0.9864      4.2644      3.8950  Siess     
    1.760000      3.8960      0.9918      4.2639      3.8960  Siess     
    1.765000      3.8969      0.9971      4.2634      3.8969  Siess     
    1.770000      3.8979      1.0024      4.2629      3.8979  Siess     
    1.775000      3.8988      1.0076      4.2624      3.8988  Siess     
    1.780000      3.8997      1.0129      4.2620      3.8997  Siess     
    1.785000      3.9006      1.0181      4.2615      3.9006  Siess     
    1.790000      3.9016      1.0234      4.2610      3.9016  Siess     
    1.795000      3.9025      1.0286      4.2605      3.9025  Siess     
    1.800000      3.9034      1.0338      4.2600      3.9034  Siess     
    1.805000      3.9042      1.0389      4.2593      3.9042  Siess     
    1.810000      3.9051      1.0440      4.2585      3.9051  Siess     
    1.815000      3.9059      1.0491      4.2578      3.9059  Siess     
    1.820000      3.9067      1.0542      4.2570      3.9067  Siess     
    1.825000      3.9075      1.0593      4.2563      3.9075  Siess     
    1.830000      3.9084      1.0644      4.2556      3.9084  Siess     
    1.835000      3.9092      1.0694      4.2548      3.9092  Siess     
    1.840000      3.9100      1.0745      4.2541      3.9100  Siess     
    1.845000      3.9108      1.0795      4.2534      3.9108  Siess     
    1.850000      3.9116      1.0845      4.2526      3.9116  Siess     
    1.855000      3.9124      1.0895      4.2519      3.9124  Siess     
    1.860000      3.9132      1.0945      4.2512      3.9132  Siess     
    1.865000      3.9140      1.0995      4.2505      3.9140  Siess     
    1.870000      3.9149      1.1044      4.2497      3.9149  Siess     
    1.875000      3.9157      1.1094      4.2490      3.9157  Siess     
    1.880000      3.9165      1.1143      4.2483      3.9165  Siess     
    1.885000      3.9172      1.1192      4.2476      3.9172  Siess     
    1.890000      3.9180      1.1242      4.2469      3.9180  Siess     
    1.895000      3.9188      1.1291      4.2462      3.9188  Siess     
    1.900000      3.9196      1.1339      4.2455      3.9196  Siess     
    1.905000      3.9203      1.1388      4.2441      3.9203  Siess     
    1.910000      3.9210      1.1437      4.2428      3.9210  Siess     
    1.915000      3.9217      1.1485      4.2415      3.9217  Siess     
    1.920000      3.9224      1.1534      4.2403      3.9224  Siess     
    1.925000      3.9231      1.1582      4.2390      3.9231  Siess     
    1.930000      3.9237      1.1630      4.2377      3.9237  Siess     
    1.935000      3.9244      1.1678      4.2364      3.9244  Siess     
    1.940000      3.9251      1.1726      4.2351      3.9251  Siess     
    1.945000      3.9258      1.1774      4.2338      3.9258  Siess     
    1.950000      3.9265      1.1822      4.2326      3.9265  Siess     
    1.955000      3.9271      1.1869      4.2313      3.9271  Siess     
    1.960000      3.9278      1.1917      4.2300      3.9278  Siess     
    1.965000      3.9285      1.1964      4.2288      3.9285  Siess     
    1.970000      3.9291      1.2011      4.2275      3.9291  Siess     
    1.975000      3.9298      1.2058      4.2262      3.9298  Siess     
    1.980000      3.9305      1.2105      4.2250      3.9305  Siess     
    1.985000      3.9311      1.2152      4.2237      3.9311  Siess     
    1.990000      3.9318      1.2199      4.2225      3.9318  Siess     
    1.995000      3.9325      1.2245      4.2212      3.9325  Siess     
    2.000000      3.9331      1.2292      4.2200      3.9331  Siess     
    2.005000      3.9337      1.2339      4.2188      3.9337  Siess     
    2.010000      3.9344      1.2386      4.2175      3.9344  Siess     
    2.015000      3.9350      1.2434      4.2163      3.9350  Siess     
    2.020000      3.9356      1.2481      4.2151      3.9356  Siess     
    2.025000      3.9362      1.2527      4.2139      3.9362  Siess     
    2.030000      3.9368      1.2574      4.2127      3.9368  Siess     
    2.035000      3.9374      1.2621      4.2115      3.9374  Siess     
    2.040000      3.9381      1.2667      4.2102      3.9381  Siess     
    2.045000      3.9387      1.2714      4.2090      3.9387  Siess     
    2.050000      3.9393      1.2760      4.2078      3.9393  Siess     
    2.055000      3.9399      1.2806      4.2066      3.9399  Siess     
    2.060000      3.9405      1.2853      4.2054      3.9405  Siess     
    2.065000      3.9411      1.2899      4.2042      3.9411  Siess     
    2.070000      3.9417      1.2944      4.2031      3.9417  Siess     
    2.075000      3.9423      1.2990      4.2019      3.9423  Siess     
    2.080000      3.9429      1.3036      4.2007      3.9429  Siess     
    2.085000      3.9435      1.3081      4.1995      3.9435  Siess     
    2.090000      3.9441      1.3127      4.1983      3.9441  Siess     
    2.095000      3.9447      1.3172      4.1971      3.9447  Siess     
    2.100000      3.9453      1.3217      4.1960      3.9453  Siess     
    2.105000      3.9459      1.3262      4.1948      3.9459  Siess     
    2.110000      3.9465      1.3307      4.1936      3.9465  Siess     
    2.115000      3.9471      1.3352      4.1925      3.9471  Siess     
    2.120000      3.9477      1.3397      4.1913      3.9477  Siess     
    2.125000      3.9482      1.3442      4.1901      3.9482  Siess     
    2.130000      3.9488      1.3486      4.1890      3.9488  Siess     
    2.135000      3.9494      1.3531      4.1878      3.9494  Siess     
    2.140000      3.9500      1.3575      4.1867      3.9500  Siess     
    2.145000      3.9506      1.3620      4.1855      3.9506  Siess     
    2.150000      3.9512      1.3664      4.1844      3.9512  Siess     
    2.155000      3.9517      1.3708      4.1832      3.9517  Siess     
    2.160000      3.9523      1.3752      4.1821      3.9523  Siess     
    2.165000      3.9529      1.3796      4.1809      3.9529  Siess     
    2.170000      3.9535      1.3839      4.1798      3.9535  Siess     
    2.175000      3.9541      1.3883      4.1787      3.9541  Siess     
    2.180000      3.9546      1.3927      4.1775      3.9546  Siess     
    2.185000      3.9552      1.3970      4.1764      3.9552  Siess     
    2.190000      3.9558      1.4013      4.1753      3.9558  Siess     
    2.195000      3.9563      1.4057      4.1742      3.9563  Siess     
    2.200000      3.9569      1.4100      4.1730      3.9569  Siess     
    2.205000      3.9573      1.4144      4.1714      3.9573  Siess     
    2.210000      3.9577      1.4189      4.1697      3.9577  Siess     
    2.215000      3.9582      1.4233      4.1681      3.9582  Siess     
    2.220000      3.9586      1.4277      4.1664      3.9586  Siess     
    2.225000      3.9590      1.4321      4.1648      3.9590  Siess     
    2.230000      3.9594      1.4365      4.1631      3.9594  Siess     
    2.235000      3.9598      1.4409      4.1615      3.9598  Siess     
    2.240000      3.9602      1.4453      4.1599      3.9602  Siess     
    2.245000      3.9606      1.4497      4.1582      3.9606  Siess     
    2.250000      3.9611      1.4540      4.1566      3.9611  Siess     
    2.255000      3.9615      1.4584      4.1550      3.9615  Siess     
    2.260000      3.9619      1.4627      4.1533      3.9619  Siess     
    2.265000      3.9623      1.4671      4.1517      3.9623  Siess     
    2.270000      3.9627      1.4714      4.1501      3.9627  Siess     
    2.275000      3.9631      1.4757      4.1485      3.9631  Siess     
    2.280000      3.9635      1.4800      4.1469      3.9635  Siess     
    2.285000      3.9639      1.4843      4.1453      3.9639  Siess     
    2.290000      3.9643      1.4886      4.1437      3.9643  Siess     
    2.295000      3.9647      1.4929      4.1421      3.9647  Siess     
    2.300000      3.9651      1.4971      4.1405      3.9651  Siess     
    2.305000      3.9655      1.5014      4.1389      3.9655  Siess     
    2.310000      3.9659      1.5056      4.1373      3.9659  Siess     
    2.315000      3.9663      1.5099      4.1357      3.9663  Siess     
    2.320000      3.9667      1.5141      4.1342      3.9667  Siess     
    2.325000      3.9671      1.5183      4.1326      3.9671  Siess     
    2.330000      3.9675      1.5225      4.1310      3.9675  Siess     
    2.335000      3.9679      1.5267      4.1294      3.9679  Siess     
    2.340000      3.9683      1.5309      4.1279      3.9683  Siess     
    2.345000      3.9687      1.5351      4.1263      3.9687  Siess     
    2.350000      3.9691      1.5393      4.1248      3.9691  Siess     
    2.355000      3.9695      1.5434      4.1232      3.9695  Siess     
    2.360000      3.9699      1.5476      4.1216      3.9699  Siess     
    2.365000      3.9703      1.5518      4.1201      3.9703  Siess     
    2.370000      3.9707      1.5559      4.1185      3.9707  Siess     
    2.375000      3.9711      1.5600      4.1170      3.9711  Siess     
    2.380000      3.9714      1.5642      4.1155      3.9714  Siess     
    2.385000      3.9718      1.5683      4.1139      3.9718  Siess     
    2.390000      3.9722      1.5724      4.1124      3.9722  Siess     
    2.395000      3.9726      1.5765      4.1109      3.9726  Siess     
    2.400000      3.9730      1.5806      4.1093      3.9730  Siess     
    2.405000      3.9734      1.5846      4.1078      3.9734  Siess     
    2.410000      3.9738      1.5887      4.1063      3.9738  Siess     
    2.415000      3.9741      1.5928      4.1048      3.9741  Siess     
    2.420000      3.9745      1.5968      4.1033      3.9745  Siess     
    2.425000      3.9749      1.6009      4.1018      3.9749  Siess     
    2.430000      3.9753      1.6049      4.1002      3.9753  Siess     
    2.435000      3.9757      1.6089      4.0987      3.9757  Siess     
    2.440000      3.9760      1.6130      4.0972      3.9760  Siess     
    2.445000      3.9764      1.6170      4.0957      3.9764  Siess     
    2.450000      3.9768      1.6210      4.0942      3.9768  Siess     
    2.455000      3.9772      1.6250      4.0928      3.9772  Siess     
    2.460000      3.9775      1.6290      4.0913      3.9775  Siess     
    2.465000      3.9779      1.6329      4.0898      3.9779  Siess     
    2.470000      3.9783      1.6369      4.0883      3.9783  Siess     
    2.475000      3.9787      1.6409      4.0868      3.9787  Siess     
    2.480000      3.9790      1.6448      4.0853      3.9790  Siess     
    2.485000      3.9794      1.6488      4.0839      3.9794  Siess     
    2.490000      3.9798      1.6527      4.0824      3.9798  Siess     
    2.495000      3.9802      1.6567      4.0809      3.9802  Siess     
    2.500000      3.9805      1.6606      4.0795      3.9805  Siess     
    2.505000      3.9807      1.6647      4.0769      3.9807  Siess     
    2.510000      3.9809      1.6687      4.0744      3.9809  Siess     
    2.515000      3.9810      1.6728      4.0719      3.9810  Siess     
    2.520000      3.9812      1.6768      4.0695      3.9812  Siess     
    2.525000      3.9814      1.6809      4.0670      3.9814  Siess     
    2.530000      3.9815      1.6849      4.0645      3.9815  Siess     
    2.535000      3.9817      1.6889      4.0620      3.9817  Siess     
    2.540000      3.9819      1.6930      4.0595      3.9819  Siess     
    2.545000      3.9820      1.6970      4.0571      3.9820  Siess     
    2.550000      3.9822      1.7010      4.0546      3.9822  Siess     
    2.555000      3.9824      1.7050      4.0521      3.9824  Siess     
    2.560000      3.9825      1.7089      4.0497      3.9825  Siess     
    2.565000      3.9827      1.7129      4.0472      3.9827  Siess     
    2.570000      3.9829      1.7169      4.0448      3.9829  Siess     
    2.575000      3.9830      1.7209      4.0423      3.9830  Siess     
    2.580000      3.9832      1.7248      4.0399      3.9832  Siess     
    2.585000      3.9834      1.7288      4.0375      3.9834  Siess     
    2.590000      3.9835      1.7327      4.0351      3.9835  Siess     
    2.595000      3.9837      1.7366      4.0326      3.9837  Siess     
    2.600000      3.9838      1.7406      4.0302      3.9838  Siess     
    2.605000      3.9840      1.7445      4.0278      3.9840  Siess     
    2.610000      3.9842      1.7484      4.0254      3.9842  Siess     
    2.615000      3.9843      1.7523      4.0230      3.9843  Siess     
    2.620000      3.9845      1.7562      4.0206      3.9845  Siess     
    2.625000      3.9847      1.7601      4.0182      3.9847  Siess     
    2.630000      3.9848      1.7640      4.0158      3.9848  Siess     
    2.635000      3.9850      1.7678      4.0134      3.9850  Siess     
    2.640000      3.9851      1.7717      4.0110      3.9851  Siess     
    2.645000      3.9853      1.7756      4.0087      3.9853  Siess     
    2.650000      3.9855      1.7794      4.0063      3.9855  Siess     
    2.655000      3.9856      1.7833      4.0039      3.9856  Siess     
    2.660000      3.9858      1.7871      4.0016      3.9858  Siess     
    2.665000      3.9859      1.7909      3.9992      3.9859  Siess     
    2.670000      3.9861      1.7947      3.9969      3.9861  Siess     
    2.675000      3.9863      1.7986      3.9945      3.9863  Siess     
    2.680000      3.9864      1.8024      3.9922      3.9864  Siess     
    2.685000      3.9866      1.8062      3.9898      3.9866  Siess     
    2.690000      3.9867      1.8100      3.9875      3.9867  Siess     
    2.695000      3.9869      1.8137      3.9852      3.9869  Siess     
    2.700000      3.9870      1.8175      3.9828      3.9870  Siess     
    2.705000      3.9869      1.8214      3.9789      3.9869  Siess     
    2.710000      3.9867      1.8252      3.9750      3.9867  Siess     
    2.715000      3.9865      1.8291      3.9711      3.9865  Siess     
    2.720000      3.9864      1.8329      3.9672      3.9864  Siess     
    2.725000      3.9862      1.8368      3.9633      3.9862  Siess     
    2.730000      3.9860      1.8406      3.9594      3.9860  Siess     
    2.735000      3.9858      1.8444      3.9555      3.9858  Siess     
    2.740000      3.9857      1.8482      3.9517      3.9857  Siess     
    2.745000      3.9855      1.8520      3.9478      3.9855  Siess     
    2.750000      3.9853      1.8558      3.9439      3.9853  Siess     
    2.755000      3.9852      1.8596      3.9401      3.9852  Siess     
    2.760000      3.9850      1.8634      3.9362      3.9850  Siess     
    2.765000      3.9848      1.8672      3.9324      3.9848  Siess     
    2.770000      3.9847      1.8710      3.9286      3.9847  Siess     
    2.775000      3.9845      1.8747      3.9247      3.9845  Siess     
    2.780000      3.9843      1.8785      3.9209      3.9843  Siess     
    2.785000      3.9842      1.8822      3.9171      3.9842  Siess     
    2.790000      3.9840      1.8860      3.9133      3.9840  Siess     
    2.795000      3.9838      1.8897      3.9095      3.9838  Siess     
    2.800000      3.9837      1.8934      3.9057      3.9837  Siess     
    2.805000      3.9835      1.8972      3.9019      3.9835  Siess     
    2.810000      3.9833      1.9009      3.8982      3.9833  Siess     
    2.815000      3.9832      1.9046      3.8944      3.9832  Siess     
    2.820000      3.9830      1.9083      3.8906      3.9830  Siess     
    2.825000      3.9828      1.9120      3.8869      3.9828  Siess     
    2.830000      3.9827      1.9157      3.8831      3.9827  Siess     
    2.835000      3.9825      1.9194      3.8794      3.9825  Siess     
    2.840000      3.9823      1.9231      3.8757      3.9823  Siess     
    2.845000      3.9822      1.9267      3.8719      3.9822  Siess     
    2.850000      3.9820      1.9304      3.8682      3.9820  Siess     
    2.855000      3.9818      1.9340      3.8645      3.9818  Siess     
    2.860000      3.9817      1.9377      3.8608      3.9817  Siess     
    2.865000      3.9815      1.9413      3.8571      3.9815  Siess     
    2.870000      3.9814      1.9450      3.8534      3.9814  Siess     
    2.875000      3.9812      1.9486      3.8497      3.9812  Siess     
    2.880000      3.9810      1.9522      3.8460      3.9810  Siess     
    2.885000      3.9809      1.9559      3.8423      3.9809  Siess     
    2.890000      3.9807      1.9595      3.8387      3.9807  Siess     
    2.895000      3.9805      1.9631      3.8350      3.9805  Siess     
    2.900000      3.9804      1.9667      3.8313      3.9804  Siess     
    2.905000      3.9802      1.9703      3.8277      3.9802  Siess     
    2.910000      3.9801      1.9739      3.8240      3.9801  Siess     
    2.915000      3.9799      1.9775      3.8204      3.9799  Siess     
    2.920000      3.9797      1.9810      3.8168      3.9797  Siess     
    2.925000      3.9796      1.9846      3.8131      3.9796  Siess     
    2.930000      3.9794      1.9882      3.8095      3.9794  Siess     
    2.935000      3.9793      1.9917      3.8059      3.9793  Siess     
    2.940000      3.9791      1.9953      3.8023      3.9791  Siess     
    2.945000      3.9789      1.9988      3.7987      3.9789  Siess     
    2.950000      3.9788      2.0024      3.7951      3.9788  Siess     
    2.955000      3.9786      2.0059      3.7915      3.9786  Siess     
    2.960000      3.9785      2.0094      3.7879      3.9785  Siess     
    2.965000      3.9783      2.0130      3.7843      3.9783  Siess     
    2.970000      3.9782      2.0165      3.7808      3.9782  Siess     
    2.975000      3.9780      2.0200      3.7772      3.9780  Siess     
    2.980000      3.9778      2.0235      3.7736      3.9778  Siess     
    2.985000      3.9777      2.0270      3.7701      3.9777  Siess     
    2.990000      3.9775      2.0305      3.7665      3.9775  Siess     
    2.995000      3.9774      2.0340      3.7630      3.9774  Siess     
    3.000000      3.9772      2.0375      3.7595      3.9772  Siess     
    3.005000      3.9778      2.0417      3.7583      3.9778  Siess     
    3.010000      3.9783      2.0460      3.7571      3.9783  Siess     
    3.015000      3.9789      2.0503      3.7559      3.9789  Siess     
    3.020000      3.9794      2.0545      3.7547      3.9794  Siess     
    3.025000      3.9800      2.0588      3.7536      3.9800  Siess     
    3.030000      3.9805      2.0630      3.7524      3.9805  Siess     
    3.035000      3.9811      2.0673      3.7512      3.9811  Siess     
    3.040000      3.9816      2.0715      3.7501      3.9816  Siess     
    3.045000      3.9822      2.0757      3.7489      3.9822  Siess     
    3.050000      3.9827      2.0800      3.7477      3.9827  Siess     
    3.055000      3.9833      2.0842      3.7466      3.9833  Siess     
    3.060000      3.9838      2.0884      3.7454      3.9838  Siess     
    3.065000      3.9843      2.0926      3.7442      3.9843  Siess     
    3.070000      3.9849      2.0968      3.7431      3.9849  Siess     
    3.075000      3.9854      2.1009      3.7419      3.9854  Siess     
    3.080000      3.9860      2.1051      3.7408      3.9860  Siess     
    3.085000      3.9865      2.1093      3.7396      3.9865  Siess     
    3.090000      3.9870      2.1135      3.7385      3.9870  Siess     
    3.095000      3.9876      2.1176      3.7373      3.9876  Siess     
    3.100000      3.9881      2.1218      3.7362      3.9881  Siess     
    3.100000      3.9915      2.1627      3.6788      3.9915  Padova    
    3.105000      3.9909      2.1665      3.6733      3.9909  Padova    
    3.110000      3.9903      2.1703      3.6679      3.9903  Padova    
    3.115000      3.9897      2.1740      3.6624      3.9897  Padova    
    3.120000      3.9891      2.1778      3.6570      3.9891  Padova    
    3.120243      3.9891      2.1780      3.6567      3.9891  Padova    
    3.125000      3.9882      2.1817      3.6501      3.9882  Padova    
    3.130000      3.9873      2.1856      3.6433      3.9873  Padova    
    3.135000      3.9864      2.1895      3.6364      3.9864  Padova    
    3.140000      3.9855      2.1933      3.6295      3.9855  Padova    
    3.145000      3.9846      2.1972      3.6227      3.9846  Padova    
    3.150000      3.9836      2.2011      3.6159      3.9836  Padova    
    3.155000      3.9827      2.2049      3.6090      3.9827  Padova    
    3.160000      3.9818      2.2088      3.6022      3.9818  Padova    
    3.165000      3.9809      2.2126      3.5954      3.9809  Padova    
    3.170000      3.9800      2.2164      3.5886      3.9800  Padova    
    3.173868      3.9793      2.2194      3.5834      3.9793  Padova    
    3.175000      3.9791      2.2203      3.5817      3.9791  Padova    
    3.180000      3.9781      2.2244      3.5743      3.9781  Padova    
    3.185000      3.9770      2.2284      3.5668      3.9770  Padova    
    3.190000      3.9760      2.2325      3.5594      3.9760  Padova    
    3.195000      3.9750      2.2365      3.5519      3.9750  Padova    
    3.198000      3.9744      2.2389      3.5475      3.9744  Padova    
    3.200000      3.9741      2.2407      3.5446      3.9741  Padova    
    3.205000      3.9732      2.2452      3.5375      3.9732  Padova    
    3.210000      3.9724      2.2497      3.5303      3.9724  Padova    
    3.215000      3.9716      2.2542      3.5232      3.9716  Padova    
    3.220000      3.9708      2.2587      3.5161      3.9708  Padova    
    3.220403      3.9707      2.2591      3.5155      3.9707  Padova    
    3.225000      3.9706      2.2642      3.5105      3.9706  Padova    
    3.230000      3.9704      2.2697      3.5051      3.9704  Padova    
    3.234296      3.9703      2.2745      3.5005      3.9703  Padova    
    3.235000      3.9705      2.2756      3.5004      3.9705  Padova    
    3.240000      3.9722      2.2836      3.4999      3.9722  Padova    
    3.244621      3.9738      2.2909      3.4994      3.9738  Padova    
    3.245000      3.9742      2.2919      3.5002      3.9742  Padova    
    3.250000      3.9801      2.3053      3.5108      3.9801  Padova    
    3.251912      3.9823      2.3104      3.5149      3.9823  Padova    
    3.255000      3.9940      2.3314      3.5413      3.9940  Padova    
    3.256789      4.0008      2.3436      3.5566      4.0008  Padova    
    3.258155      4.0173      2.3744      3.5916      4.0173  Padova    
    3.258908      4.0342      2.4106      3.6233      4.0342  Padova    
    3.259009      4.0318      2.3976      3.6265      4.0318  Padova    
    3.259188      4.0183      2.3554      3.6150      4.0183  Padova    
    3.259425      4.0009      2.3483      3.5523      4.0009  Padova    
    3.259748      3.9833      2.3696      3.4606      3.9833  Padova    
    3.260000      3.9719      2.3773      3.4074      3.9719  Padova    
    3.260185      3.9635      2.3829      3.3684      3.9635  Padova    
    3.260597      3.9467      2.3857      3.2983      3.9467  Padova    
    3.261055      3.9289      2.3835      3.2294      3.9289  Padova    
    3.261580      3.9086      2.3768      3.1550      3.9086  Padova    
    3.261956      3.8932      2.3694      3.1010      3.8932  Padova    
    3.262349      3.8761      2.3595      3.0425      3.8761  Padova    
    3.262758      3.8565      2.3460      2.9776      3.8565  Padova    
    3.263170      3.8343      2.3288      2.9062      3.8343  Padova    
    3.263592      3.8092      2.3061      2.8286      3.8092  Padova    
    3.264014      3.7827      2.2764      2.7522      3.7827  Padova    
    3.264428      3.7586      2.2371      2.6952      3.7586  Padova    
    3.264843      3.7385      2.1850      2.6668      3.7385  Padova    
    3.265000      3.7320      2.1612      2.6646      3.7320  Padova    
    3.265251      3.7217      2.1233      2.6612      3.7217  Padova    
    3.265652      3.7075      2.0762      2.6519      3.7075  Padova    
    3.265851      3.7014      2.0663      2.6372      3.7014  Padova    
    3.266383      3.6874      2.1172      2.5306      3.6874  Padova    
    3.266912      3.6781      2.1976      2.4130      3.6781  Padova    
    3.267371      3.6724      2.2560      2.3319      3.6724  Padova    
    3.267895      3.6672      2.3130      2.2542      3.6672  Padova    
    3.268450      3.6625      2.3708      2.1775      3.6625  Padova    
    3.269017      3.6579      2.4294      2.1007      3.6579  Padova    
    3.269688      3.6523      2.4972      2.0106      3.6523  Padova    
    3.270000      3.6502      2.5286      1.9708      3.6502  Padova    
    3.270256      3.6485      2.5543      1.9382      3.6485  Padova    
    3.270809      3.6443      2.6119      1.8641      3.6443  Padova    
    3.271307      3.6400      2.6653      1.7933      3.6400  Padova    
    3.271839      3.6359      2.7232      1.7190      3.6359  Padova    
    3.272330      3.6327      2.7719      1.6578      3.6327  Padova    
    3.272827      3.6299      2.8071      1.6116      3.6299  Padova    
    3.274298      3.6332      2.7653      1.6664      3.6332  Padova    
    3.275000      3.6348      2.7449      1.6934      3.6348  Padova    
    3.275741      3.6365      2.7233      1.7218      3.6365  Padova    
    3.277183      3.6404      2.6703      1.7908      3.6404  Padova    
    3.278386      3.6447      2.6168      1.8614      3.6447  Padova    
    3.279561      3.6490      2.5591      1.9368      3.6490  Padova    
    3.280000      3.6507      2.5367      1.9661      3.6507  Padova    
    3.280578      3.6530      2.5072      2.0047      3.6530  Padova    
    3.281698      3.6576      2.4509      2.0797      3.6576  Padova    
    3.282949      3.6621      2.3935      2.1553      3.6621  Padova    
    3.284673      3.6675      2.3270      2.2436      3.6675  Padova    
    3.285000      3.6683      2.3176      2.2562      3.6683  Padova    
    3.287002      3.6732      2.2604      2.3332      3.6732  Padova    
    3.290000      3.6783      2.2110      2.4033      3.6783  Padova    
    3.291194      3.6803      2.1914      2.4312      3.6803  Padova    
    3.295000      3.6839      2.1732      2.4643      3.6839  Padova    
    3.300000      3.6886      2.1494      2.5078      3.6886  Padova    
    3.301356      3.6899      2.1429      2.5196      3.6899  Padova    
    3.305000      3.6900      2.1474      2.5159      3.6900  Padova    
    3.310000      3.6901      2.1535      2.5108      3.6901  Padova    
    3.315000      3.6902      2.1596      2.5058      3.6902  Padova    
    3.320000      3.6903      2.1657      2.5007      3.6903  Padova    
    3.325000      3.6904      2.1718      2.4957      3.6904  Padova    
    3.330000      3.6905      2.1779      2.4906      3.6905  Padova    
    3.335000      3.6906      2.1840      2.4856      3.6906  Padova    
    3.340000      3.6907      2.1901      2.4806      3.6907  Padova    
    3.345000      3.6908      2.1962      2.4756      3.6908  Padova    
    3.350000      3.6909      2.2022      2.4706      3.6909  Padova    
    3.355000      3.6910      2.2083      2.4656      3.6910  Padova    
    3.360000      3.6911      2.2143      2.4606      3.6911  Padova    
    3.365000      3.6912      2.2204      2.4556      3.6912  Padova    
    3.370000      3.6913      2.2264      2.4506      3.6913  Padova    
    3.375000      3.6914      2.2324      2.4457      3.6914  Padova    
    3.380000      3.6916      2.2384      2.4407      3.6916  Padova    
    3.385000      3.6917      2.2444      2.4357      3.6917  Padova    
    3.390000      3.6918      2.2504      2.4308      3.6918  Padova    
    3.395000      3.6919      2.2564      2.4259      3.6919  Padova    
    3.396876      3.6919      2.2586      2.4240      3.6919  Padova    
    3.400000      3.6920      2.2628      2.4205      3.6920  Padova    
    3.405000      3.6921      2.2695      2.4149      3.6921  Padova    
    3.409314      3.6922      2.2753      2.4101      3.6922  Padova    
    3.410000      3.6921      2.2760      2.4092      3.6921  Padova    
    3.415000      3.6915      2.2812      2.4023      3.6915  Padova    
    3.420000      3.6910      2.2863      2.3955      3.6910  Padova    
    3.425000      3.6904      2.2914      2.3887      3.6904  Padova    
    3.430000      3.6898      2.2965      2.3819      3.6898  Padova    
    3.435000      3.6892      2.3017      2.3751      3.6892  Padova    
    3.440000      3.6887      2.3068      2.3683      3.6887  Padova    
    3.445000      3.6881      2.3119      2.3616      3.6881  Padova    
    3.450000      3.6875      2.3170      2.3548      3.6875  Padova    
    3.455000      3.6869      2.3220      2.3481      3.6869  Padova    
    3.460000      3.6864      2.3271      2.3413      3.6864  Padova    
    3.465000      3.6858      2.3322      2.3346      3.6858  Padova    
    3.470000      3.6852      2.3373      2.3279      3.6852  Padova    
    3.475000      3.6846      2.3423      2.3212      3.6846  Padova    
    3.480000      3.6841      2.3474      2.3144      3.6841  Padova    
    3.480634      3.6840      2.3480      2.3136      3.6840  Padova    
    3.485000      3.6834      2.3523      2.3074      3.6834  Padova    
    3.490000      3.6827      2.3573      2.3002      3.6827  Padova    
    3.495000      3.6820      2.3623      2.2931      3.6820  Padova    
    3.500000      3.6813      2.3672      2.2860      3.6813  Padova    
    3.500000      3.6813      2.3672      2.2860      3.6813  Padova    
    3.505000      3.6806      2.3725      2.2783      3.6806  Padova    
    3.506796      3.6803      2.3744      2.2756      3.6803  Padova    
    3.510000      3.6775      2.3902      2.2493      3.6775  Padova    
    3.515000      3.6732      2.4148      2.2082      3.6732  Padova    
    3.518533      3.6702      2.4321      2.1792      3.6702  Padova    
    3.519749      3.6638      2.4889      2.0968      3.6638  Padova    
    3.519985      3.6603      2.5282      2.0435      3.6603  Padova    
    3.520000      3.6598      2.5333      2.0366      3.6598  Padova    
    3.520177      3.6541      2.5948      1.9522      3.6541  Padova    
    3.520360      3.6480      2.6621      1.8605      3.6480  Padova    
    3.523585      3.6423      2.7372      1.7630      3.6423  Padova    
    3.524412      3.6375      2.7998      1.6811      3.6375  Padova    
    3.525000      3.6342      2.8412      1.6267      3.6342  Padova    
    3.525239      3.6329      2.8581      1.6046      3.6329  Padova    
    3.526099      3.6279      2.9213      1.5216      3.6279  Padova    
    3.527060      3.6213      2.9991      1.4174      3.6213  Padova    
    3.527702      3.6166      3.0586      1.3394      3.6166  Padova    
    3.528336      3.6112      3.1279      1.2484      3.6112  Padova    
    3.528902      3.6048      3.2008      1.1500      3.6048  Padova    
    3.529327      3.5994      3.2645      1.0650      3.5994  Padova    
    3.529775      3.5927      3.3405      0.9620      3.5927  Padova    
    3.530000      3.5886      3.3860      0.9002      3.5886  Padova    
    3.530057      3.5876      3.3975      0.8846      3.5876  Padova    
    3.530339      3.5815      3.4630      0.7947      3.5815  Padova    
    3.530588      3.5760      3.5272      0.7086      3.5760  Padova    
    3.530844      3.5691      3.5942      0.6141      3.5691  Padova    
    3.531085      3.5632      3.6550      0.5296      3.5632  Padova    
    3.531425      3.5557      3.7211      0.4336      3.5557  Padova    
    3.531539      3.5503      3.7733      0.3599      3.5503  Padova    
    3.531690      3.5454      3.8234      0.2900      3.5454  Padova    
    3.531762      3.5392      3.8753      0.2133      3.5392  Padova    
    3.531888      3.5327      3.9375      0.1254      3.5327  Padova    
    3.531897      3.5319      3.9435      0.1161      3.5319  Padova    
    3.531900      3.5384      3.9435      0.1422      3.5384  Padova    
    3.532057      3.5305      4.0338      0.0200      3.5305  Padova    
    3.532338      3.5189      4.1381     -0.1307      3.5189  Padova    
    3.532924      3.5087      4.2104     -0.2434      3.5087  Padova    
    3.534424      3.4983      4.2428     -0.3174      3.4983  Padova    
    3.534571      3.4969      4.2492     -0.3294      3.4969  Padova    
    3.535000      3.4944      4.2554     -0.3461      3.4944  Padova    
    3.536602      3.4852      4.2784     -0.4087      3.4852  Padova    
    3.538152      3.4791      4.2768     -0.4391      3.4791  Padova    
    3.538428      3.4779      4.2742     -0.4447      3.4779  Padova    
    3.538566      3.4773      4.2729     -0.4487      3.4773  Padova    
    3.538703      3.4766      4.2688     -0.4519      3.4766  Padova    
    3.538840      3.4756      4.2647     -0.4569      3.4756  Padova    
    3.538976      3.4746      4.2599     -0.4625      3.4746  Padova    
    3.539111      3.4735      4.2547     -0.4691      3.4735  Padova    
    3.539246      3.4723      4.2487     -0.4768      3.4723  Padova    
    3.539379      3.4708      4.2423     -0.4865      3.4708  Padova    
    3.539511      3.4691      4.2351     -0.4985      3.4691  Padova    
    3.539641      3.4670      4.2274     -0.5135      3.4670  Padova    
    3.539769      3.4642      4.2187     -0.5340      3.4642  Padova    
    3.539895      3.4604      4.2087     -0.5630      3.4604  Padova    
    3.540000      3.4558      4.1985     -0.6006      3.4558  Padova    
    3.540017      3.4551      4.1969     -0.6066      3.4551  Padova    
    3.540134      3.4448      4.1777     -0.6994      3.4448  Padova    
    3.540245      3.4413      4.1455     -0.9747      3.4413  Padova    
    3.540348      3.6163      4.1314     -0.4104      3.6163  Padova    
