    # M_init       log T       log L       log g    log T WR  Source    
    # (Msun)    (Kelvin)      (Lsun)          ()    (Kelvin)  ()        
    0.100000      3.4786     -2.5058      4.9223      3.4786  Siess     
    0.105000      3.4821     -2.4695      4.9234      3.4821  Siess     
    0.110000      3.4855     -2.4349      4.9245      3.4855  Siess     
    0.115000      3.4887     -2.4019      4.9255      3.4887  Siess     
    0.120000      3.4917     -2.3702      4.9265      3.4917  Siess     
    0.125000      3.4947     -2.3399      4.9274      3.4947  Siess     
    0.130000      3.4975     -2.3107      4.9283      3.4975  Siess     
    0.135000      3.4997     -2.2850      4.9263      3.4997  Siess     
    0.140000      3.5017     -2.2602      4.9245      3.5017  Siess     
    0.145000      3.5038     -2.2362      4.9227      3.5038  Siess     
    0.150000      3.5057     -2.2131      4.9209      3.5057  Siess     
    0.155000      3.5076     -2.1908      4.9192      3.5076  Siess     
    0.160000      3.5094     -2.1691      4.9176      3.5094  Siess     
    0.165000      3.5110     -2.1491      4.9171      3.5110  Siess     
    0.170000      3.5126     -2.1297      4.9167      3.5126  Siess     
    0.175000      3.5141     -2.1108      4.9163      3.5141  Siess     
    0.180000      3.5156     -2.0925      4.9159      3.5156  Siess     
    0.185000      3.5171     -2.0747      4.9155      3.5171  Siess     
    0.190000      3.5185     -2.0573      4.9151      3.5185  Siess     
    0.195000      3.5199     -2.0404      4.9147      3.5199  Siess     
    0.200000      3.5212     -2.0240      4.9143      3.5212  Siess     
    0.205000      3.5229     -2.0075      4.9138      3.5229  Siess     
    0.210000      3.5246     -1.9915      4.9133      3.5246  Siess     
    0.215000      3.5263     -1.9758      4.9128      3.5263  Siess     
    0.220000      3.5279     -1.9605      4.9124      3.5279  Siess     
    0.225000      3.5295     -1.9456      4.9119      3.5295  Siess     
    0.230000      3.5310     -1.9309      4.9115      3.5310  Siess     
    0.235000      3.5325     -1.9166      4.9110      3.5325  Siess     
    0.240000      3.5340     -1.9026      4.9106      3.5340  Siess     
    0.245000      3.5355     -1.8889      4.9102      3.5355  Siess     
    0.250000      3.5369     -1.8754      4.9097      3.5369  Siess     
    0.255000      3.5381     -1.8619      4.9085      3.5381  Siess     
    0.260000      3.5392     -1.8486      4.9073      3.5392  Siess     
    0.265000      3.5403     -1.8355      4.9061      3.5403  Siess     
    0.270000      3.5415     -1.8227      4.9049      3.5415  Siess     
    0.275000      3.5425     -1.8102      4.9038      3.5425  Siess     
    0.280000      3.5436     -1.7978      4.9026      3.5436  Siess     
    0.285000      3.5447     -1.7857      4.9015      3.5447  Siess     
    0.290000      3.5457     -1.7738      4.9004      3.5457  Siess     
    0.295000      3.5467     -1.7621      4.8993      3.5467  Siess     
    0.300000      3.5477     -1.7506      4.8983      3.5477  Siess     
    0.305000      3.5488     -1.7384      4.8977      3.5488  Siess     
    0.310000      3.5498     -1.7264      4.8972      3.5498  Siess     
    0.315000      3.5509     -1.7146      4.8967      3.5509  Siess     
    0.320000      3.5519     -1.7029      4.8961      3.5519  Siess     
    0.325000      3.5529     -1.6915      4.8956      3.5529  Siess     
    0.330000      3.5538     -1.6802      4.8951      3.5538  Siess     
    0.335000      3.5548     -1.6691      4.8946      3.5548  Siess     
    0.340000      3.5557     -1.6581      4.8941      3.5557  Siess     
    0.345000      3.5567     -1.6473      4.8936      3.5567  Siess     
    0.350000      3.5576     -1.6367      4.8931      3.5576  Siess     
    0.355000      3.5585     -1.6262      4.8927      3.5585  Siess     
    0.360000      3.5594     -1.6159      4.8922      3.5594  Siess     
    0.365000      3.5603     -1.6057      4.8917      3.5603  Siess     
    0.370000      3.5612     -1.5956      4.8913      3.5612  Siess     
    0.375000      3.5620     -1.5857      4.8908      3.5620  Siess     
    0.380000      3.5629     -1.5759      4.8904      3.5629  Siess     
    0.385000      3.5637     -1.5663      4.8900      3.5637  Siess     
    0.390000      3.5645     -1.5567      4.8895      3.5645  Siess     
    0.395000      3.5654     -1.5473      4.8891      3.5654  Siess     
    0.400000      3.5662     -1.5380      4.8887      3.5662  Siess     
    0.405000      3.5671     -1.5259      4.8868      3.5671  Siess     
    0.410000      3.5680     -1.5139      4.8849      3.5680  Siess     
    0.415000      3.5689     -1.5021      4.8831      3.5689  Siess     
    0.420000      3.5698     -1.4904      4.8813      3.5698  Siess     
    0.425000      3.5706     -1.4788      4.8795      3.5706  Siess     
    0.430000      3.5715     -1.4674      4.8777      3.5715  Siess     
    0.435000      3.5723     -1.4561      4.8760      3.5723  Siess     
    0.440000      3.5732     -1.4449      4.8742      3.5732  Siess     
    0.445000      3.5740     -1.4339      4.8725      3.5740  Siess     
    0.450000      3.5748     -1.4230      4.8708      3.5748  Siess     
    0.455000      3.5756     -1.4122      4.8692      3.5756  Siess     
    0.460000      3.5764     -1.4015      4.8675      3.5764  Siess     
    0.465000      3.5772     -1.3910      4.8659      3.5772  Siess     
    0.470000      3.5780     -1.3805      4.8643      3.5780  Siess     
    0.475000      3.5788     -1.3702      4.8627      3.5788  Siess     
    0.480000      3.5796     -1.3599      4.8611      3.5796  Siess     
    0.485000      3.5803     -1.3498      4.8595      3.5803  Siess     
    0.490000      3.5811     -1.3398      4.8579      3.5811  Siess     
    0.495000      3.5818     -1.3299      4.8564      3.5818  Siess     
    0.500000      3.5826     -1.3201      4.8549      3.5826  Siess     
    0.505000      3.5837     -1.3073      4.8512      3.5837  Siess     
    0.510000      3.5848     -1.2947      4.8475      3.5848  Siess     
    0.515000      3.5859     -1.2821      4.8439      3.5859  Siess     
    0.520000      3.5870     -1.2697      4.8403      3.5870  Siess     
    0.525000      3.5880     -1.2575      4.8368      3.5880  Siess     
    0.530000      3.5891     -1.2453      4.8332      3.5891  Siess     
    0.535000      3.5902     -1.2333      4.8298      3.5902  Siess     
    0.540000      3.5912     -1.2213      4.8263      3.5912  Siess     
    0.545000      3.5922     -1.2095      4.8229      3.5922  Siess     
    0.550000      3.5933     -1.1978      4.8195      3.5933  Siess     
    0.555000      3.5943     -1.1862      4.8161      3.5943  Siess     
    0.560000      3.5953     -1.1746      4.8128      3.5953  Siess     
    0.565000      3.5963     -1.1632      4.8095      3.5963  Siess     
    0.570000      3.5973     -1.1519      4.8062      3.5973  Siess     
    0.575000      3.5983     -1.1407      4.8030      3.5983  Siess     
    0.580000      3.5992     -1.1296      4.7998      3.5992  Siess     
    0.585000      3.6002     -1.1186      4.7966      3.6002  Siess     
    0.590000      3.6012     -1.1077      4.7934      3.6012  Siess     
    0.595000      3.6021     -1.0969      4.7903      3.6021  Siess     
    0.600000      3.6030     -1.0861      4.7872      3.6030  Siess     
    0.605000      3.6046     -1.0740      4.7826      3.6046  Siess     
    0.610000      3.6061     -1.0621      4.7781      3.6061  Siess     
    0.615000      3.6076     -1.0502      4.7737      3.6076  Siess     
    0.620000      3.6091     -1.0384      4.7692      3.6091  Siess     
    0.625000      3.6106     -1.0267      4.7648      3.6106  Siess     
    0.630000      3.6121     -1.0151      4.7605      3.6121  Siess     
    0.635000      3.6136     -1.0036      4.7562      3.6136  Siess     
    0.640000      3.6150     -0.9922      4.7519      3.6150  Siess     
    0.645000      3.6165     -0.9809      4.7476      3.6165  Siess     
    0.650000      3.6179     -0.9697      4.7434      3.6179  Siess     
    0.655000      3.6193     -0.9585      4.7392      3.6193  Siess     
    0.660000      3.6207     -0.9475      4.7350      3.6207  Siess     
    0.665000      3.6221     -0.9365      4.7309      3.6221  Siess     
    0.670000      3.6235     -0.9256      4.7268      3.6235  Siess     
    0.675000      3.6249     -0.9148      4.7228      3.6249  Siess     
    0.680000      3.6263     -0.9041      4.7187      3.6263  Siess     
    0.685000      3.6276     -0.8934      4.7147      3.6276  Siess     
    0.690000      3.6290     -0.8828      4.7107      3.6290  Siess     
    0.695000      3.6303     -0.8723      4.7068      3.6303  Siess     
    0.700000      3.6316     -0.8619      4.7029      3.6316  Siess     
    0.705000      3.6335     -0.8497      4.6995      3.6335  Siess     
    0.710000      3.6353     -0.8376      4.6962      3.6353  Siess     
    0.715000      3.6371     -0.8256      4.6929      3.6371  Siess     
    0.720000      3.6389     -0.8136      4.6896      3.6389  Siess     
    0.725000      3.6407     -0.8018      4.6863      3.6407  Siess     
    0.730000      3.6425     -0.7900      4.6831      3.6425  Siess     
    0.735000      3.6443     -0.7783      4.6799      3.6443  Siess     
    0.740000      3.6461     -0.7667      4.6767      3.6461  Siess     
    0.745000      3.6478     -0.7552      4.6735      3.6478  Siess     
    0.750000      3.6496     -0.7437      4.6704      3.6496  Siess     
    0.755000      3.6513     -0.7323      4.6673      3.6513  Siess     
    0.760000      3.6530     -0.7210      4.6641      3.6530  Siess     
    0.765000      3.6547     -0.7098      4.6611      3.6547  Siess     
    0.770000      3.6564     -0.6986      4.6580      3.6564  Siess     
    0.775000      3.6581     -0.6876      4.6549      3.6581  Siess     
    0.780000      3.6597     -0.6765      4.6519      3.6597  Siess     
    0.785000      3.6614     -0.6656      4.6489      3.6614  Siess     
    0.790000      3.6630     -0.6547      4.6459      3.6630  Siess     
    0.795000      3.6647     -0.6439      4.6430      3.6647  Siess     
    0.800000      3.6663     -0.6332      4.6400      3.6663  Siess     
    0.805000      3.6681     -0.6207      4.6374      3.6681  Siess     
    0.810000      3.6699     -0.6084      4.6347      3.6699  Siess     
    0.815000      3.6716     -0.5961      4.6321      3.6716  Siess     
    0.820000      3.6734     -0.5839      4.6295      3.6734  Siess     
    0.825000      3.6751     -0.5718      4.6269      3.6751  Siess     
    0.830000      3.6768     -0.5597      4.6244      3.6768  Siess     
    0.835000      3.6785     -0.5477      4.6218      3.6785  Siess     
    0.840000      3.6802     -0.5358      4.6193      3.6802  Siess     
    0.845000      3.6819     -0.5240      4.6168      3.6819  Siess     
    0.850000      3.6836     -0.5122      4.6143      3.6836  Siess     
    0.855000      3.6853     -0.5005      4.6118      3.6853  Siess     
    0.860000      3.6869     -0.4888      4.6093      3.6869  Siess     
    0.865000      3.6886     -0.4773      4.6068      3.6886  Siess     
    0.870000      3.6902     -0.4658      4.6044      3.6902  Siess     
    0.875000      3.6919     -0.4543      4.6020      3.6919  Siess     
    0.880000      3.6935     -0.4429      4.5995      3.6935  Siess     
    0.885000      3.6951     -0.4316      4.5971      3.6951  Siess     
    0.890000      3.6967     -0.4204      4.5947      3.6967  Siess     
    0.895000      3.6983     -0.4092      4.5924      3.6983  Siess     
    0.900000      3.6999     -0.3981      4.5900      3.6999  Siess     
    0.905000      3.7014     -0.3867      4.5873      3.7014  Siess     
    0.910000      3.7029     -0.3755      4.5846      3.7029  Siess     
    0.915000      3.7044     -0.3642      4.5820      3.7044  Siess     
    0.920000      3.7059     -0.3531      4.5793      3.7059  Siess     
    0.925000      3.7074     -0.3420      4.5767      3.7074  Siess     
    0.930000      3.7089     -0.3309      4.5741      3.7089  Siess     
    0.935000      3.7104     -0.3200      4.5715      3.7104  Siess     
    0.940000      3.7118     -0.3090      4.5689      3.7118  Siess     
    0.945000      3.7133     -0.2982      4.5663      3.7133  Siess     
    0.950000      3.7147     -0.2874      4.5637      3.7147  Siess     
    0.955000      3.7162     -0.2766      4.5612      3.7162  Siess     
    0.960000      3.7176     -0.2659      4.5586      3.7176  Siess     
    0.965000      3.7190     -0.2553      4.5561      3.7190  Siess     
    0.970000      3.7204     -0.2447      4.5536      3.7204  Siess     
    0.975000      3.7218     -0.2342      4.5511      3.7218  Siess     
    0.980000      3.7232     -0.2237      4.5486      3.7232  Siess     
    0.985000      3.7246     -0.2133      4.5462      3.7246  Siess     
    0.990000      3.7260     -0.2029      4.5437      3.7260  Siess     
    0.995000      3.7274     -0.1926      4.5413      3.7274  Siess     
    1.000000      3.7288     -0.1823      4.5388      3.7288  Siess     
    1.005000      3.7301     -0.1720      4.5357      3.7301  Siess     
    1.010000      3.7314     -0.1618      4.5327      3.7314  Siess     
    1.015000      3.7327     -0.1516      4.5296      3.7327  Siess     
    1.020000      3.7340     -0.1415      4.5266      3.7340  Siess     
    1.025000      3.7353     -0.1314      4.5236      3.7353  Siess     
    1.030000      3.7365     -0.1214      4.5206      3.7365  Siess     
    1.035000      3.7378     -0.1114      4.5176      3.7378  Siess     
    1.040000      3.7391     -0.1014      4.5146      3.7391  Siess     
    1.045000      3.7404     -0.0915      4.5117      3.7404  Siess     
    1.050000      3.7416     -0.0817      4.5087      3.7416  Siess     
    1.055000      3.7429     -0.0719      4.5058      3.7429  Siess     
    1.060000      3.7441     -0.0622      4.5029      3.7441  Siess     
    1.065000      3.7453     -0.0524      4.5000      3.7453  Siess     
    1.070000      3.7466     -0.0428      4.4971      3.7466  Siess     
    1.075000      3.7478     -0.0332      4.4942      3.7478  Siess     
    1.080000      3.7490     -0.0236      4.4913      3.7490  Siess     
    1.085000      3.7502     -0.0141      4.4885      3.7502  Siess     
    1.090000      3.7515     -0.0046      4.4856      3.7515  Siess     
    1.095000      3.7527      0.0048      4.4828      3.7527  Siess     
    1.100000      3.7539      0.0142      4.4800      3.7539  Siess     
    1.105000      3.7550      0.0244      4.4764      3.7550  Siess     
    1.110000      3.7562      0.0346      4.4727      3.7562  Siess     
    1.115000      3.7574      0.0447      4.4691      3.7574  Siess     
    1.120000      3.7586      0.0548      4.4655      3.7586  Siess     
    1.125000      3.7597      0.0648      4.4619      3.7597  Siess     
    1.130000      3.7609      0.0748      4.4584      3.7609  Siess     
    1.135000      3.7620      0.0847      4.4548      3.7620  Siess     
    1.140000      3.7632      0.0946      4.4513      3.7632  Siess     
    1.145000      3.7643      0.1045      4.4477      3.7643  Siess     
    1.150000      3.7655      0.1143      4.4442      3.7655  Siess     
    1.155000      3.7666      0.1240      4.4407      3.7666  Siess     
    1.160000      3.7677      0.1338      4.4373      3.7677  Siess     
    1.165000      3.7689      0.1434      4.4338      3.7689  Siess     
    1.170000      3.7700      0.1531      4.4304      3.7700  Siess     
    1.175000      3.7711      0.1627      4.4269      3.7711  Siess     
    1.180000      3.7722      0.1722      4.4235      3.7722  Siess     
    1.185000      3.7733      0.1817      4.4201      3.7733  Siess     
    1.190000      3.7744      0.1912      4.4167      3.7744  Siess     
    1.195000      3.7755      0.2007      4.4134      3.7755  Siess     
    1.200000      3.7766      0.2101      4.4100      3.7766  Siess     
    1.205000      3.7776      0.2189      4.4074      3.7776  Siess     
    1.210000      3.7787      0.2277      4.4048      3.7787  Siess     
    1.215000      3.7797      0.2365      4.4022      3.7797  Siess     
    1.220000      3.7807      0.2452      4.3997      3.7807  Siess     
    1.225000      3.7818      0.2539      4.3971      3.7818  Siess     
    1.230000      3.7828      0.2626      4.3946      3.7828  Siess     
    1.235000      3.7838      0.2712      4.3920      3.7838  Siess     
    1.240000      3.7848      0.2798      4.3895      3.7848  Siess     
    1.245000      3.7858      0.2884      4.3870      3.7858  Siess     
    1.250000      3.7868      0.2969      4.3845      3.7868  Siess     
    1.255000      3.7878      0.3054      4.3820      3.7878  Siess     
    1.260000      3.7888      0.3139      4.3795      3.7888  Siess     
    1.265000      3.7898      0.3223      4.3770      3.7898  Siess     
    1.270000      3.7908      0.3307      4.3746      3.7908  Siess     
    1.275000      3.7918      0.3391      4.3721      3.7918  Siess     
    1.280000      3.7928      0.3474      4.3697      3.7928  Siess     
    1.285000      3.7937      0.3557      4.3672      3.7937  Siess     
    1.290000      3.7947      0.3639      4.3648      3.7947  Siess     
    1.295000      3.7957      0.3722      4.3624      3.7957  Siess     
    1.300000      3.7966      0.3804      4.3600      3.7966  Siess     
    1.305000      3.7977      0.3883      4.3579      3.7977  Siess     
    1.310000      3.7987      0.3962      4.3559      3.7987  Siess     
    1.315000      3.7997      0.4041      4.3538      3.7997  Siess     
    1.320000      3.8007      0.4119      4.3518      3.8007  Siess     
    1.325000      3.8017      0.4197      4.3497      3.8017  Siess     
    1.330000      3.8027      0.4275      4.3477      3.8027  Siess     
    1.335000      3.8037      0.4352      4.3457      3.8037  Siess     
    1.340000      3.8047      0.4429      4.3436      3.8047  Siess     
    1.345000      3.8057      0.4506      4.3416      3.8057  Siess     
    1.350000      3.8067      0.4583      4.3396      3.8067  Siess     
    1.355000      3.8077      0.4659      4.3376      3.8077  Siess     
    1.360000      3.8086      0.4735      4.3356      3.8086  Siess     
    1.365000      3.8096      0.4811      4.3337      3.8096  Siess     
    1.370000      3.8106      0.4886      4.3317      3.8106  Siess     
    1.375000      3.8116      0.4962      4.3297      3.8116  Siess     
    1.380000      3.8125      0.5036      4.3278      3.8125  Siess     
    1.385000      3.8135      0.5111      4.3258      3.8135  Siess     
    1.390000      3.8145      0.5186      4.3239      3.8145  Siess     
    1.395000      3.8154      0.5260      4.3219      3.8154  Siess     
    1.400000      3.8164      0.5334      4.3200      3.8164  Siess     
    1.405000      3.8174      0.5401      4.3190      3.8174  Siess     
    1.410000      3.8185      0.5469      4.3179      3.8185  Siess     
    1.415000      3.8195      0.5536      4.3169      3.8195  Siess     
    1.420000      3.8206      0.5603      4.3159      3.8206  Siess     
    1.425000      3.8217      0.5670      4.3149      3.8217  Siess     
    1.430000      3.8227      0.5737      4.3139      3.8227  Siess     
    1.435000      3.8237      0.5803      4.3128      3.8237  Siess     
    1.440000      3.8248      0.5869      4.3118      3.8248  Siess     
    1.445000      3.8258      0.5935      4.3108      3.8258  Siess     
    1.450000      3.8269      0.6001      4.3098      3.8269  Siess     
    1.455000      3.8279      0.6067      4.3088      3.8279  Siess     
    1.460000      3.8289      0.6132      4.3078      3.8289  Siess     
    1.465000      3.8299      0.6197      4.3068      3.8299  Siess     
    1.470000      3.8310      0.6262      4.3059      3.8310  Siess     
    1.475000      3.8320      0.6326      4.3049      3.8320  Siess     
    1.480000      3.8330      0.6391      4.3039      3.8330  Siess     
    1.485000      3.8340      0.6455      4.3029      3.8340  Siess     
    1.490000      3.8350      0.6519      4.3019      3.8350  Siess     
    1.495000      3.8360      0.6583      4.3010      3.8360  Siess     
    1.500000      3.8370      0.6646      4.3000      3.8370  Siess     
    1.505000      3.8383      0.6711      4.3000      3.8383  Siess     
    1.510000      3.8397      0.6775      4.3000      3.8397  Siess     
    1.515000      3.8410      0.6839      4.3000      3.8410  Siess     
    1.520000      3.8423      0.6902      4.3000      3.8423  Siess     
    1.525000      3.8436      0.6966      4.3000      3.8436  Siess     
    1.530000      3.8449      0.7029      4.3000      3.8449  Siess     
    1.535000      3.8462      0.7092      4.3000      3.8462  Siess     
    1.540000      3.8475      0.7155      4.3000      3.8475  Siess     
    1.545000      3.8488      0.7218      4.3000      3.8488  Siess     
    1.550000      3.8501      0.7280      4.3000      3.8501  Siess     
    1.555000      3.8514      0.7343      4.3000      3.8514  Siess     
    1.560000      3.8527      0.7405      4.3000      3.8527  Siess     
    1.565000      3.8540      0.7467      4.3000      3.8540  Siess     
    1.570000      3.8552      0.7528      4.3000      3.8552  Siess     
    1.575000      3.8565      0.7590      4.3000      3.8565  Siess     
    1.580000      3.8578      0.7651      4.3000      3.8578  Siess     
    1.585000      3.8590      0.7712      4.3000      3.8590  Siess     
    1.590000      3.8603      0.7773      4.3000      3.8603  Siess     
    1.595000      3.8615      0.7834      4.3000      3.8615  Siess     
    1.600000      3.8628      0.7894      4.3000      3.8628  Siess     
    1.605000      3.8641      0.7955      4.3000      3.8641  Siess     
    1.610000      3.8653      0.8016      4.3000      3.8653  Siess     
    1.615000      3.8666      0.8076      4.3000      3.8666  Siess     
    1.620000      3.8678      0.8137      4.3000      3.8678  Siess     
    1.625000      3.8691      0.8197      4.3000      3.8691  Siess     
    1.630000      3.8703      0.8257      4.3000      3.8703  Siess     
    1.635000      3.8716      0.8316      4.3000      3.8716  Siess     
    1.640000      3.8728      0.8376      4.3000      3.8728  Siess     
    1.645000      3.8740      0.8435      4.3000      3.8740  Siess     
    1.650000      3.8752      0.8494      4.3000      3.8752  Siess     
    1.655000      3.8765      0.8553      4.3000      3.8765  Siess     
    1.660000      3.8777      0.8612      4.3000      3.8777  Siess     
    1.665000      3.8789      0.8671      4.3000      3.8789  Siess     
    1.670000      3.8801      0.8729      4.3000      3.8801  Siess     
    1.675000      3.8813      0.8787      4.3000      3.8813  Siess     
    1.680000      3.8825      0.8846      4.3000      3.8825  Siess     
    1.685000      3.8837      0.8904      4.3000      3.8837  Siess     
    1.690000      3.8849      0.8961      4.3000      3.8849  Siess     
    1.695000      3.8861      0.9019      4.3000      3.8861  Siess     
    1.700000      3.8873      0.9076      4.3000      3.8873  Siess     
    1.705000      3.8885      0.9130      4.3005      3.8885  Siess     
    1.710000      3.8897      0.9184      4.3010      3.8897  Siess     
    1.715000      3.8908      0.9237      4.3015      3.8908  Siess     
    1.720000      3.8920      0.9290      4.3020      3.8920  Siess     
    1.725000      3.8932      0.9344      4.3026      3.8932  Siess     
    1.730000      3.8943      0.9396      4.3031      3.8943  Siess     
    1.735000      3.8955      0.9449      4.3036      3.8955  Siess     
    1.740000      3.8966      0.9502      4.3041      3.8966  Siess     
    1.745000      3.8978      0.9554      4.3046      3.8978  Siess     
    1.750000      3.8989      0.9607      4.3051      3.8989  Siess     
    1.755000      3.9000      0.9659      4.3056      3.9000  Siess     
    1.760000      3.9012      0.9711      4.3061      3.9012  Siess     
    1.765000      3.9023      0.9763      4.3066      3.9023  Siess     
    1.770000      3.9034      0.9815      4.3071      3.9034  Siess     
    1.775000      3.9045      0.9866      4.3076      3.9045  Siess     
    1.780000      3.9057      0.9918      4.3080      3.9057  Siess     
    1.785000      3.9068      0.9969      4.3085      3.9068  Siess     
    1.790000      3.9079      1.0020      4.3090      3.9079  Siess     
    1.795000      3.9090      1.0072      4.3095      3.9090  Siess     
    1.800000      3.9101      1.0122      4.3100      3.9101  Siess     
    1.805000      3.9111      1.0172      4.3099      3.9111  Siess     
    1.810000      3.9121      1.0222      4.3097      3.9121  Siess     
    1.815000      3.9130      1.0272      4.3096      3.9130  Siess     
    1.820000      3.9140      1.0321      4.3095      3.9140  Siess     
    1.825000      3.9150      1.0371      4.3093      3.9150  Siess     
    1.830000      3.9159      1.0420      4.3092      3.9159  Siess     
    1.835000      3.9169      1.0469      4.3090      3.9169  Siess     
    1.840000      3.9178      1.0518      4.3089      3.9178  Siess     
    1.845000      3.9188      1.0567      4.3088      3.9188  Siess     
    1.850000      3.9197      1.0616      4.3086      3.9197  Siess     
    1.855000      3.9207      1.0664      4.3085      3.9207  Siess     
    1.860000      3.9216      1.0713      4.3084      3.9216  Siess     
    1.865000      3.9226      1.0761      4.3082      3.9226  Siess     
    1.870000      3.9235      1.0809      4.3081      3.9235  Siess     
    1.875000      3.9244      1.0857      4.3080      3.9244  Siess     
    1.880000      3.9254      1.0905      4.3078      3.9254  Siess     
    1.885000      3.9263      1.0953      4.3077      3.9263  Siess     
    1.890000      3.9272      1.1001      4.3076      3.9272  Siess     
    1.895000      3.9282      1.1048      4.3074      3.9282  Siess     
    1.900000      3.9291      1.1096      4.3073      3.9291  Siess     
    1.905000      3.9300      1.1143      4.3074      3.9300  Siess     
    1.910000      3.9309      1.1190      4.3074      3.9309  Siess     
    1.915000      3.9318      1.1236      4.3074      3.9318  Siess     
    1.920000      3.9327      1.1283      4.3075      3.9327  Siess     
    1.925000      3.9336      1.1330      4.3075      3.9336  Siess     
    1.930000      3.9345      1.1376      4.3076      3.9345  Siess     
    1.935000      3.9354      1.1422      4.3076      3.9354  Siess     
    1.940000      3.9363      1.1468      4.3077      3.9363  Siess     
    1.945000      3.9372      1.1514      4.3077      3.9372  Siess     
    1.950000      3.9381      1.1560      4.3078      3.9381  Siess     
    1.955000      3.9390      1.1606      4.3078      3.9390  Siess     
    1.960000      3.9398      1.1652      4.3078      3.9398  Siess     
    1.965000      3.9407      1.1697      4.3079      3.9407  Siess     
    1.970000      3.9416      1.1743      4.3079      3.9416  Siess     
    1.975000      3.9425      1.1788      4.3080      3.9425  Siess     
    1.980000      3.9434      1.1833      4.3080      3.9434  Siess     
    1.985000      3.9442      1.1878      4.3081      3.9442  Siess     
    1.990000      3.9451      1.1923      4.3081      3.9451  Siess     
    1.995000      3.9460      1.1968      4.3081      3.9460  Siess     
    2.000000      3.9468      1.2013      4.3082      3.9468  Siess     
    2.005000      3.9476      1.2057      4.3078      3.9476  Siess     
    2.010000      3.9484      1.2101      4.3074      3.9484  Siess     
    2.015000      3.9492      1.2145      4.3070      3.9492  Siess     
    2.020000      3.9499      1.2189      4.3066      3.9499  Siess     
    2.025000      3.9507      1.2233      4.3062      3.9507  Siess     
    2.030000      3.9515      1.2276      4.3058      3.9515  Siess     
    2.035000      3.9522      1.2320      4.3054      3.9522  Siess     
    2.040000      3.9530      1.2363      4.3050      3.9530  Siess     
    2.045000      3.9538      1.2407      4.3046      3.9538  Siess     
    2.050000      3.9545      1.2450      4.3042      3.9545  Siess     
    2.055000      3.9553      1.2493      4.3038      3.9553  Siess     
    2.060000      3.9560      1.2536      4.3034      3.9560  Siess     
    2.065000      3.9568      1.2579      4.3030      3.9568  Siess     
    2.070000      3.9576      1.2622      4.3026      3.9576  Siess     
    2.075000      3.9583      1.2664      4.3022      3.9583  Siess     
    2.080000      3.9591      1.2707      4.3018      3.9591  Siess     
    2.085000      3.9598      1.2749      4.3014      3.9598  Siess     
    2.090000      3.9606      1.2792      4.3010      3.9606  Siess     
    2.095000      3.9613      1.2834      4.3006      3.9613  Siess     
    2.100000      3.9620      1.2876      4.3003      3.9620  Siess     
    2.105000      3.9628      1.2918      4.2999      3.9628  Siess     
    2.110000      3.9635      1.2960      4.2995      3.9635  Siess     
    2.115000      3.9643      1.3002      4.2991      3.9643  Siess     
    2.120000      3.9650      1.3044      4.2987      3.9650  Siess     
    2.125000      3.9657      1.3086      4.2983      3.9657  Siess     
    2.130000      3.9665      1.3128      4.2980      3.9665  Siess     
    2.135000      3.9672      1.3169      4.2976      3.9672  Siess     
    2.140000      3.9679      1.3210      4.2972      3.9679  Siess     
    2.145000      3.9686      1.3252      4.2968      3.9686  Siess     
    2.150000      3.9694      1.3293      4.2964      3.9694  Siess     
    2.155000      3.9701      1.3334      4.2961      3.9701  Siess     
    2.160000      3.9708      1.3375      4.2957      3.9708  Siess     
    2.165000      3.9715      1.3416      4.2953      3.9715  Siess     
    2.170000      3.9722      1.3457      4.2949      3.9722  Siess     
    2.175000      3.9730      1.3498      4.2946      3.9730  Siess     
    2.180000      3.9737      1.3538      4.2942      3.9737  Siess     
    2.185000      3.9744      1.3579      4.2938      3.9744  Siess     
    2.190000      3.9751      1.3619      4.2934      3.9751  Siess     
    2.195000      3.9758      1.3660      4.2931      3.9758  Siess     
    2.200000      3.9765      1.3700      4.2927      3.9765  Siess     
    2.205000      3.9772      1.3740      4.2923      3.9772  Siess     
    2.210000      3.9778      1.3780      4.2919      3.9778  Siess     
    2.215000      3.9784      1.3820      4.2914      3.9784  Siess     
    2.220000      3.9790      1.3860      4.2910      3.9790  Siess     
    2.225000      3.9797      1.3900      4.2906      3.9797  Siess     
    2.230000      3.9803      1.3939      4.2902      3.9803  Siess     
    2.235000      3.9809      1.3979      4.2898      3.9809  Siess     
    2.240000      3.9815      1.4018      4.2894      3.9815  Siess     
    2.245000      3.9822      1.4058      4.2889      3.9822  Siess     
    2.250000      3.9828      1.4097      4.2885      3.9828  Siess     
    2.255000      3.9834      1.4136      4.2881      3.9834  Siess     
    2.260000      3.9840      1.4176      4.2877      3.9840  Siess     
    2.265000      3.9846      1.4215      4.2873      3.9846  Siess     
    2.270000      3.9853      1.4254      4.2869      3.9853  Siess     
    2.275000      3.9859      1.4293      4.2865      3.9859  Siess     
    2.280000      3.9865      1.4331      4.2861      3.9865  Siess     
    2.285000      3.9871      1.4370      4.2857      3.9871  Siess     
    2.290000      3.9877      1.4409      4.2853      3.9877  Siess     
    2.295000      3.9883      1.4447      4.2848      3.9883  Siess     
    2.300000      3.9889      1.4486      4.2844      3.9889  Siess     
    2.305000      3.9895      1.4524      4.2840      3.9895  Siess     
    2.310000      3.9901      1.4562      4.2836      3.9901  Siess     
    2.315000      3.9907      1.4601      4.2832      3.9907  Siess     
    2.320000      3.9913      1.4639      4.2828      3.9913  Siess     
    2.325000      3.9919      1.4677      4.2824      3.9919  Siess     
    2.330000      3.9925      1.4715      4.2820      3.9925  Siess     
    2.335000      3.9931      1.4753      4.2816      3.9931  Siess     
    2.340000      3.9937      1.4791      4.2812      3.9937  Siess     
    2.345000      3.9943      1.4828      4.2808      3.9943  Siess     
    2.350000      3.9949      1.4866      4.2804      3.9949  Siess     
    2.355000      3.9955      1.4903      4.2801      3.9955  Siess     
    2.360000      3.9961      1.4941      4.2797      3.9961  Siess     
    2.365000      3.9967      1.4978      4.2793      3.9967  Siess     
    2.370000      3.9973      1.5016      4.2789      3.9973  Siess     
    2.375000      3.9979      1.5053      4.2785      3.9979  Siess     
    2.380000      3.9984      1.5090      4.2781      3.9984  Siess     
    2.385000      3.9990      1.5127      4.2777      3.9990  Siess     
    2.390000      3.9996      1.5164      4.2773      3.9996  Siess     
    2.395000      4.0002      1.5201      4.2769      4.0002  Siess     
    2.400000      4.0008      1.5238      4.2765      4.0008  Siess     
    2.405000      4.0014      1.5275      4.2761      4.0014  Siess     
    2.410000      4.0019      1.5312      4.2758      4.0019  Siess     
    2.415000      4.0025      1.5348      4.2754      4.0025  Siess     
    2.420000      4.0031      1.5385      4.2750      4.0031  Siess     
    2.425000      4.0037      1.5421      4.2746      4.0037  Siess     
    2.430000      4.0042      1.5458      4.2742      4.0042  Siess     
    2.435000      4.0048      1.5494      4.2738      4.0048  Siess     
    2.440000      4.0054      1.5530      4.2735      4.0054  Siess     
    2.445000      4.0060      1.5566      4.2731      4.0060  Siess     
    2.450000      4.0065      1.5603      4.2727      4.0065  Siess     
    2.455000      4.0071      1.5639      4.2723      4.0071  Siess     
    2.460000      4.0077      1.5675      4.2719      4.0077  Siess     
    2.465000      4.0082      1.5710      4.2716      4.0082  Siess     
    2.470000      4.0088      1.5746      4.2712      4.0088  Siess     
    2.475000      4.0094      1.5782      4.2708      4.0094  Siess     
    2.480000      4.0099      1.5818      4.2704      4.0099  Siess     
    2.485000      4.0105      1.5853      4.2701      4.0105  Siess     
    2.490000      4.0110      1.5889      4.2697      4.0110  Siess     
    2.495000      4.0116      1.5924      4.2693      4.0116  Siess     
    2.500000      4.0122      1.5960      4.2689      4.0122  Siess     
    2.505000      4.0126      1.5995      4.2683      4.0126  Siess     
    2.510000      4.0131      1.6031      4.2677      4.0131  Siess     
    2.515000      4.0136      1.6066      4.2671      4.0136  Siess     
    2.520000      4.0140      1.6102      4.2664      4.0140  Siess     
    2.525000      4.0145      1.6137      4.2658      4.0145  Siess     
    2.530000      4.0150      1.6172      4.2652      4.0150  Siess     
    2.535000      4.0155      1.6207      4.2645      4.0155  Siess     
    2.540000      4.0159      1.6242      4.2639      4.0159  Siess     
    2.545000      4.0164      1.6278      4.2633      4.0164  Siess     
    2.550000      4.0169      1.6312      4.2627      4.0169  Siess     
    2.555000      4.0173      1.6347      4.2621      4.0173  Siess     
    2.560000      4.0178      1.6382      4.2614      4.0178  Siess     
    2.565000      4.0182      1.6417      4.2608      4.0182  Siess     
    2.570000      4.0187      1.6452      4.2602      4.0187  Siess     
    2.575000      4.0192      1.6486      4.2596      4.0192  Siess     
    2.580000      4.0196      1.6521      4.2590      4.0196  Siess     
    2.585000      4.0201      1.6555      4.2584      4.0201  Siess     
    2.590000      4.0205      1.6590      4.2578      4.0205  Siess     
    2.595000      4.0210      1.6624      4.2571      4.0210  Siess     
    2.600000      4.0215      1.6658      4.2565      4.0215  Siess     
    2.605000      4.0219      1.6693      4.2559      4.0219  Siess     
    2.610000      4.0224      1.6727      4.2553      4.0224  Siess     
    2.615000      4.0228      1.6761      4.2547      4.0228  Siess     
    2.620000      4.0233      1.6795      4.2541      4.0233  Siess     
    2.625000      4.0237      1.6829      4.2535      4.0237  Siess     
    2.630000      4.0242      1.6863      4.2529      4.0242  Siess     
    2.635000      4.0246      1.6897      4.2523      4.0246  Siess     
    2.640000      4.0251      1.6930      4.2517      4.0251  Siess     
    2.645000      4.0255      1.6964      4.2511      4.0255  Siess     
    2.650000      4.0260      1.6998      4.2505      4.0260  Siess     
    2.655000      4.0264      1.7031      4.2499      4.0264  Siess     
    2.660000      4.0269      1.7065      4.2493      4.0269  Siess     
    2.665000      4.0273      1.7098      4.2487      4.0273  Siess     
    2.670000      4.0277      1.7132      4.2481      4.0277  Siess     
    2.675000      4.0282      1.7165      4.2475      4.0282  Siess     
    2.680000      4.0286      1.7198      4.2469      4.0286  Siess     
    2.685000      4.0291      1.7231      4.2463      4.0291  Siess     
    2.690000      4.0295      1.7265      4.2458      4.0295  Siess     
    2.695000      4.0299      1.7298      4.2452      4.0299  Siess     
    2.700000      4.0304      1.7331      4.2446      4.0304  Siess     
    2.705000      4.0308      1.7364      4.2440      4.0308  Siess     
    2.710000      4.0313      1.7397      4.2434      4.0313  Siess     
    2.715000      4.0318      1.7430      4.2428      4.0318  Siess     
    2.720000      4.0322      1.7463      4.2422      4.0322  Siess     
    2.725000      4.0327      1.7496      4.2416      4.0327  Siess     
    2.730000      4.0331      1.7529      4.2410      4.0331  Siess     
    2.735000      4.0336      1.7562      4.2404      4.0336  Siess     
    2.740000      4.0340      1.7595      4.2398      4.0340  Siess     
    2.745000      4.0345      1.7627      4.2392      4.0345  Siess     
    2.750000      4.0349      1.7660      4.2386      4.0349  Siess     
    2.755000      4.0354      1.7693      4.2380      4.0354  Siess     
    2.760000      4.0358      1.7725      4.2374      4.0358  Siess     
    2.765000      4.0363      1.7758      4.2368      4.0363  Siess     
    2.770000      4.0367      1.7790      4.2362      4.0367  Siess     
    2.775000      4.0371      1.7823      4.2356      4.0371  Siess     
    2.780000      4.0376      1.7855      4.2350      4.0376  Siess     
    2.785000      4.0380      1.7887      4.2344      4.0380  Siess     
    2.790000      4.0385      1.7919      4.2338      4.0385  Siess     
    2.795000      4.0389      1.7951      4.2332      4.0389  Siess     
    2.800000      4.0394      1.7984      4.2326      4.0394  Siess     
    2.805000      4.0398      1.8016      4.2321      4.0398  Siess     
    2.810000      4.0402      1.8047      4.2315      4.0402  Siess     
    2.815000      4.0407      1.8079      4.2309      4.0407  Siess     
    2.820000      4.0411      1.8111      4.2303      4.0411  Siess     
    2.825000      4.0416      1.8143      4.2297      4.0416  Siess     
    2.830000      4.0420      1.8175      4.2291      4.0420  Siess     
    2.835000      4.0424      1.8206      4.2286      4.0424  Siess     
    2.840000      4.0429      1.8238      4.2280      4.0429  Siess     
    2.845000      4.0433      1.8270      4.2274      4.0433  Siess     
    2.850000      4.0437      1.8301      4.2268      4.0437  Siess     
    2.855000      4.0442      1.8333      4.2263      4.0442  Siess     
    2.860000      4.0446      1.8364      4.2257      4.0446  Siess     
    2.865000      4.0450      1.8395      4.2251      4.0450  Siess     
    2.870000      4.0455      1.8427      4.2245      4.0455  Siess     
    2.875000      4.0459      1.8458      4.2240      4.0459  Siess     
    2.880000      4.0463      1.8489      4.2234      4.0463  Siess     
    2.885000      4.0467      1.8520      4.2228      4.0467  Siess     
    2.890000      4.0472      1.8551      4.2223      4.0472  Siess     
    2.895000      4.0476      1.8582      4.2217      4.0476  Siess     
    2.900000      4.0480      1.8613      4.2211      4.0480  Siess     
    2.905000      4.0484      1.8644      4.2206      4.0484  Siess     
    2.910000      4.0489      1.8675      4.2200      4.0489  Siess     
    2.915000      4.0493      1.8706      4.2194      4.0493  Siess     
    2.920000      4.0497      1.8737      4.2189      4.0497  Siess     
    2.925000      4.0501      1.8767      4.2183      4.0501  Siess     
    2.930000      4.0506      1.8798      4.2177      4.0506  Siess     
    2.935000      4.0510      1.8829      4.2172      4.0510  Siess     
    2.940000      4.0514      1.8859      4.2166      4.0514  Siess     
    2.945000      4.0518      1.8890      4.2161      4.0518  Siess     
    2.950000      4.0522      1.8920      4.2155      4.0522  Siess     
    2.955000      4.0527      1.8951      4.2150      4.0527  Siess     
    2.960000      4.0531      1.8981      4.2144      4.0531  Siess     
    2.965000      4.0535      1.9011      4.2139      4.0535  Siess     
    2.970000      4.0539      1.9041      4.2133      4.0539  Siess     
    2.975000      4.0543      1.9072      4.2127      4.0543  Siess     
    2.980000      4.0547      1.9102      4.2122      4.0547  Siess     
    2.985000      4.0551      1.9132      4.2116      4.0551  Siess     
    2.990000      4.0556      1.9162      4.2111      4.0556  Siess     
    2.995000      4.0560      1.9192      4.2105      4.0560  Siess     
    3.000000      4.0564      1.9222      4.2100      4.0564  Siess     
    3.005000      4.0568      1.9253      4.2092      4.0568  Siess     
    3.010000      4.0571      1.9283      4.2084      4.0571  Siess     
    3.015000      4.0575      1.9314      4.2076      4.0575  Siess     
    3.020000      4.0579      1.9344      4.2068      4.0579  Siess     
    3.025000      4.0583      1.9375      4.2061      4.0583  Siess     
    3.030000      4.0586      1.9405      4.2053      4.0586  Siess     
    3.035000      4.0590      1.9436      4.2045      4.0590  Siess     
    3.040000      4.0594      1.9466      4.2037      4.0594  Siess     
    3.045000      4.0598      1.9497      4.2029      4.0598  Siess     
    3.050000      4.0601      1.9527      4.2021      4.0601  Siess     
    3.055000      4.0605      1.9557      4.2014      4.0605  Siess     
    3.060000      4.0609      1.9587      4.2006      4.0609  Siess     
    3.065000      4.0612      1.9617      4.1998      4.0612  Siess     
    3.070000      4.0616      1.9647      4.1990      4.0616  Siess     
    3.075000      4.0620      1.9677      4.1983      4.0620  Siess     
    3.080000      4.0624      1.9707      4.1975      4.0624  Siess     
    3.085000      4.0627      1.9737      4.1967      4.0627  Siess     
    3.090000      4.0631      1.9767      4.1959      4.0631  Siess     
    3.095000      4.0635      1.9797      4.1952      4.0635  Siess     
    3.100000      4.0638      1.9827      4.1944      4.0638  Siess     
    3.105000      4.0642      1.9857      4.1936      4.0642  Siess     
    3.110000      4.0645      1.9886      4.1929      4.0645  Siess     
    3.115000      4.0649      1.9916      4.1921      4.0649  Siess     
    3.120000      4.0653      1.9946      4.1913      4.0653  Siess     
    3.125000      4.0656      1.9975      4.1906      4.0656  Siess     
    3.130000      4.0660      2.0005      4.1898      4.0660  Siess     
    3.135000      4.0664      2.0034      4.1891      4.0664  Siess     
    3.140000      4.0667      2.0063      4.1883      4.0667  Siess     
    3.145000      4.0671      2.0093      4.1876      4.0671  Siess     
    3.150000      4.0674      2.0122      4.1868      4.0674  Siess     
    3.155000      4.0678      2.0151      4.1860      4.0678  Siess     
    3.160000      4.0682      2.0181      4.1853      4.0682  Siess     
    3.165000      4.0685      2.0210      4.1845      4.0685  Siess     
    3.170000      4.0689      2.0239      4.1838      4.0689  Siess     
    3.175000      4.0692      2.0268      4.1830      4.0692  Siess     
    3.180000      4.0696      2.0297      4.1823      4.0696  Siess     
    3.185000      4.0700      2.0326      4.1815      4.0700  Siess     
    3.190000      4.0703      2.0355      4.1808      4.0703  Siess     
    3.195000      4.0707      2.0384      4.1801      4.0707  Siess     
    3.200000      4.0710      2.0413      4.1793      4.0710  Siess     
    3.205000      4.0714      2.0441      4.1786      4.0714  Siess     
    3.210000      4.0717      2.0470      4.1778      4.0717  Siess     
    3.215000      4.0721      2.0499      4.1771      4.0721  Siess     
    3.220000      4.0724      2.0528      4.1763      4.0724  Siess     
    3.225000      4.0728      2.0556      4.1756      4.0728  Siess     
    3.230000      4.0731      2.0585      4.1749      4.0731  Siess     
    3.235000      4.0735      2.0613      4.1741      4.0735  Siess     
    3.240000      4.0738      2.0642      4.1734      4.0738  Siess     
    3.245000      4.0742      2.0670      4.1727      4.0742  Siess     
    3.250000      4.0745      2.0699      4.1719      4.0745  Siess     
    3.255000      4.0749      2.0727      4.1712      4.0749  Siess     
    3.260000      4.0752      2.0755      4.1705      4.0752  Siess     
    3.265000      4.0756      2.0784      4.1697      4.0756  Siess     
    3.270000      4.0759      2.0812      4.1690      4.0759  Siess     
    3.275000      4.0763      2.0840      4.1683      4.0763  Siess     
    3.280000      4.0766      2.0868      4.1676      4.0766  Siess     
    3.285000      4.0770      2.0896      4.1668      4.0770  Siess     
    3.290000      4.0773      2.0924      4.1661      4.0773  Siess     
    3.295000      4.0777      2.0952      4.1654      4.0777  Siess     
    3.300000      4.0780      2.0980      4.1647      4.0780  Siess     
    3.305000      4.0783      2.1008      4.1640      4.0783  Siess     
    3.310000      4.0787      2.1036      4.1632      4.0787  Siess     
    3.315000      4.0790      2.1064      4.1625      4.0790  Siess     
    3.320000      4.0794      2.1092      4.1618      4.0794  Siess     
    3.325000      4.0797      2.1120      4.1611      4.0797  Siess     
    3.330000      4.0800      2.1147      4.1604      4.0800  Siess     
    3.335000      4.0804      2.1175      4.1597      4.0804  Siess     
    3.340000      4.0807      2.1203      4.1589      4.0807  Siess     
    3.345000      4.0811      2.1230      4.1582      4.0811  Siess     
    3.350000      4.0814      2.1258      4.1575      4.0814  Siess     
    3.355000      4.0817      2.1285      4.1568      4.0817  Siess     
    3.360000      4.0821      2.1313      4.1561      4.0821  Siess     
    3.365000      4.0824      2.1340      4.1554      4.0824  Siess     
    3.370000      4.0828      2.1368      4.1547      4.0828  Siess     
    3.375000      4.0831      2.1395      4.1540      4.0831  Siess     
    3.380000      4.0834      2.1422      4.1533      4.0834  Siess     
    3.385000      4.0838      2.1450      4.1526      4.0838  Siess     
    3.390000      4.0841      2.1477      4.1519      4.0841  Siess     
    3.395000      4.0844      2.1504      4.1512      4.0844  Siess     
    3.400000      4.0848      2.1531      4.1505      4.0848  Siess     
    3.405000      4.0851      2.1558      4.1498      4.0851  Siess     
    3.410000      4.0854      2.1585      4.1491      4.0854  Siess     
    3.415000      4.0858      2.1612      4.1484      4.0858  Siess     
    3.420000      4.0861      2.1639      4.1477      4.0861  Siess     
    3.425000      4.0864      2.1666      4.1470      4.0864  Siess     
    3.430000      4.0868      2.1693      4.1463      4.0868  Siess     
    3.435000      4.0871      2.1720      4.1456      4.0871  Siess     
    3.440000      4.0874      2.1747      4.1449      4.0874  Siess     
    3.445000      4.0877      2.1774      4.1442      4.0877  Siess     
    3.450000      4.0881      2.1801      4.1435      4.0881  Siess     
    3.455000      4.0884      2.1827      4.1428      4.0884  Siess     
    3.460000      4.0887      2.1854      4.1422      4.0887  Siess     
    3.465000      4.0891      2.1881      4.1415      4.0891  Siess     
    3.470000      4.0894      2.1907      4.1408      4.0894  Siess     
    3.475000      4.0897      2.1934      4.1401      4.0897  Siess     
    3.480000      4.0900      2.1960      4.1394      4.0900  Siess     
    3.485000      4.0904      2.1987      4.1387      4.0904  Siess     
    3.490000      4.0907      2.2013      4.1381      4.0907  Siess     
    3.495000      4.0910      2.2040      4.1374      4.0910  Siess     
    3.500000      4.0913      2.2066      4.1367      4.0913  Siess     
    3.505000      4.0916      2.2093      4.1358      4.0916  Siess     
    3.510000      4.0919      2.2120      4.1348      4.0919  Siess     
    3.515000      4.0922      2.2147      4.1339      4.0922  Siess     
    3.520000      4.0924      2.2174      4.1330      4.0924  Siess     
    3.525000      4.0927      2.2201      4.1321      4.0927  Siess     
    3.530000      4.0930      2.2227      4.1312      4.0930  Siess     
    3.535000      4.0932      2.2254      4.1302      4.0932  Siess     
    3.540000      4.0935      2.2281      4.1293      4.0935  Siess     
    3.545000      4.0938      2.2308      4.1284      4.0938  Siess     
    3.550000      4.0940      2.2334      4.1275      4.0940  Siess     
    3.555000      4.0943      2.2361      4.1266      4.0943  Siess     
    3.560000      4.0946      2.2387      4.1257      4.0946  Siess     
    3.565000      4.0948      2.2414      4.1247      4.0948  Siess     
    3.570000      4.0951      2.2440      4.1238      4.0951  Siess     
    3.575000      4.0954      2.2467      4.1229      4.0954  Siess     
    3.580000      4.0956      2.2493      4.1220      4.0956  Siess     
    3.585000      4.0959      2.2520      4.1211      4.0959  Siess     
    3.590000      4.0962      2.2546      4.1202      4.0962  Siess     
    3.595000      4.0964      2.2572      4.1193      4.0964  Siess     
    3.600000      4.0967      2.2599      4.1184      4.0967  Siess     
    3.605000      4.0970      2.2625      4.1175      4.0970  Siess     
    3.610000      4.0972      2.2651      4.1166      4.0972  Siess     
    3.615000      4.0975      2.2677      4.1157      4.0975  Siess     
    3.620000      4.0978      2.2703      4.1148      4.0978  Siess     
    3.625000      4.0980      2.2729      4.1139      4.0980  Siess     
    3.630000      4.0983      2.2755      4.1130      4.0983  Siess     
    3.635000      4.0985      2.2781      4.1121      4.0985  Siess     
    3.640000      4.0988      2.2807      4.1112      4.0988  Siess     
    3.645000      4.0991      2.2833      4.1103      4.0991  Siess     
    3.650000      4.0993      2.2859      4.1094      4.0993  Siess     
    3.655000      4.0996      2.2885      4.1086      4.0996  Siess     
    3.660000      4.0998      2.2911      4.1077      4.0998  Siess     
    3.665000      4.1001      2.2937      4.1068      4.1001  Siess     
    3.670000      4.1004      2.2963      4.1059      4.1004  Siess     
    3.675000      4.1006      2.2988      4.1050      4.1006  Siess     
    3.680000      4.1009      2.3014      4.1041      4.1009  Siess     
    3.685000      4.1011      2.3040      4.1033      4.1011  Siess     
    3.690000      4.1014      2.3065      4.1024      4.1014  Siess     
    3.695000      4.1017      2.3091      4.1015      4.1017  Siess     
    3.700000      4.1019      2.3117      4.1006      4.1019  Siess     
    3.705000      4.1022      2.3142      4.0997      4.1022  Siess     
    3.710000      4.1024      2.3168      4.0989      4.1024  Siess     
    3.715000      4.1027      2.3193      4.0980      4.1027  Siess     
    3.720000      4.1029      2.3218      4.0971      4.1029  Siess     
    3.725000      4.1032      2.3244      4.0962      4.1032  Siess     
    3.730000      4.1035      2.3269      4.0954      4.1035  Siess     
    3.735000      4.1037      2.3294      4.0945      4.1037  Siess     
    3.740000      4.1040      2.3320      4.0936      4.1040  Siess     
    3.745000      4.1042      2.3345      4.0928      4.1042  Siess     
    3.750000      4.1045      2.3370      4.0919      4.1045  Siess     
    3.755000      4.1047      2.3395      4.0910      4.1047  Siess     
    3.760000      4.1050      2.3421      4.0902      4.1050  Siess     
    3.765000      4.1052      2.3446      4.0893      4.1052  Siess     
    3.770000      4.1055      2.3471      4.0884      4.1055  Siess     
    3.775000      4.1057      2.3496      4.0876      4.1057  Siess     
    3.780000      4.1060      2.3521      4.0867      4.1060  Siess     
    3.785000      4.1062      2.3546      4.0859      4.1062  Siess     
    3.790000      4.1065      2.3571      4.0850      4.1065  Siess     
    3.795000      4.1067      2.3596      4.0842      4.1067  Siess     
    3.800000      4.1070      2.3621      4.0833      4.1070  Siess     
    3.805000      4.1072      2.3645      4.0824      4.1072  Siess     
    3.810000      4.1075      2.3670      4.0816      4.1075  Siess     
    3.815000      4.1077      2.3695      4.0807      4.1077  Siess     
    3.820000      4.1080      2.3720      4.0799      4.1080  Siess     
    3.825000      4.1082      2.3745      4.0790      4.1082  Siess     
    3.830000      4.1085      2.3769      4.0782      4.1085  Siess     
    3.835000      4.1087      2.3794      4.0773      4.1087  Siess     
    3.840000      4.1090      2.3819      4.0765      4.1090  Siess     
    3.845000      4.1092      2.3843      4.0757      4.1092  Siess     
    3.850000      4.1095      2.3868      4.0748      4.1095  Siess     
    3.855000      4.1097      2.3892      4.0740      4.1097  Siess     
    3.860000      4.1100      2.3917      4.0731      4.1100  Siess     
    3.865000      4.1102      2.3941      4.0723      4.1102  Siess     
    3.870000      4.1105      2.3966      4.0715      4.1105  Siess     
    3.875000      4.1107      2.3990      4.0706      4.1107  Siess     
    3.880000      4.1110      2.4014      4.0698      4.1110  Siess     
    3.885000      4.1112      2.4039      4.0689      4.1112  Siess     
    3.890000      4.1115      2.4063      4.0681      4.1115  Siess     
    3.895000      4.1117      2.4087      4.0673      4.1117  Siess     
    3.900000      4.1119      2.4112      4.0664      4.1119  Siess     
    3.905000      4.1122      2.4136      4.0656      4.1122  Siess     
    3.910000      4.1124      2.4160      4.0648      4.1124  Siess     
    3.915000      4.1127      2.4184      4.0639      4.1127  Siess     
    3.920000      4.1129      2.4208      4.0631      4.1129  Siess     
    3.925000      4.1132      2.4232      4.0623      4.1132  Siess     
    3.930000      4.1134      2.4257      4.0615      4.1134  Siess     
    3.935000      4.1136      2.4281      4.0606      4.1136  Siess     
    3.940000      4.1139      2.4305      4.0598      4.1139  Siess     
    3.945000      4.1141      2.4329      4.0590      4.1141  Siess     
    3.950000      4.1144      2.4352      4.0582      4.1144  Siess     
    3.955000      4.1146      2.4376      4.0573      4.1146  Siess     
    3.960000      4.1148      2.4400      4.0565      4.1148  Siess     
    3.965000      4.1151      2.4424      4.0557      4.1151  Siess     
    3.970000      4.1153      2.4448      4.0549      4.1153  Siess     
    3.975000      4.1156      2.4472      4.0541      4.1156  Siess     
    3.980000      4.1158      2.4495      4.0533      4.1158  Siess     
    3.985000      4.1160      2.4519      4.0524      4.1160  Siess     
    3.990000      4.1163      2.4543      4.0516      4.1163  Siess     
    3.995000      4.1165      2.4567      4.0508      4.1165  Siess     
    4.000000      4.1168      2.4590      4.0500      4.1168  Siess     
    4.005000      4.1169      2.4619      4.0482      4.1169  Siess     
    4.010000      4.1170      2.4647      4.0464      4.1170  Siess     
    4.015000      4.1172      2.4676      4.0446      4.1172  Siess     
    4.020000      4.1173      2.4704      4.0428      4.1173  Siess     
    4.025000      4.1174      2.4733      4.0411      4.1174  Siess     
    4.030000      4.1176      2.4761      4.0393      4.1176  Siess     
    4.035000      4.1177      2.4790      4.0375      4.1177  Siess     
    4.040000      4.1178      2.4818      4.0357      4.1178  Siess     
    4.045000      4.1180      2.4846      4.0340      4.1180  Siess     
    4.050000      4.1181      2.4874      4.0322      4.1181  Siess     
    4.055000      4.1182      2.4903      4.0304      4.1182  Siess     
    4.060000      4.1183      2.4931      4.0286      4.1183  Siess     
    4.065000      4.1185      2.4959      4.0269      4.1185  Siess     
    4.070000      4.1186      2.4987      4.0251      4.1186  Siess     
    4.075000      4.1187      2.5015      4.0234      4.1187  Siess     
    4.080000      4.1189      2.5043      4.0216      4.1189  Siess     
    4.085000      4.1190      2.5071      4.0198      4.1190  Siess     
    4.090000      4.1191      2.5099      4.0181      4.1191  Siess     
    4.095000      4.1193      2.5127      4.0163      4.1193  Siess     
    4.100000      4.1194      2.5155      4.0146      4.1194  Siess     
    4.105000      4.1195      2.5183      4.0128      4.1195  Siess     
    4.110000      4.1197      2.5211      4.0111      4.1197  Siess     
    4.115000      4.1198      2.5239      4.0094      4.1198  Siess     
    4.120000      4.1199      2.5267      4.0076      4.1199  Siess     
    4.125000      4.1200      2.5294      4.0059      4.1200  Siess     
    4.130000      4.1202      2.5322      4.0041      4.1202  Siess     
    4.135000      4.1203      2.5350      4.0024      4.1203  Siess     
    4.140000      4.1204      2.5377      4.0007      4.1204  Siess     
    4.145000      4.1206      2.5405      3.9989      4.1206  Siess     
    4.150000      4.1207      2.5433      3.9972      4.1207  Siess     
    4.155000      4.1208      2.5460      3.9955      4.1208  Siess     
    4.160000      4.1209      2.5488      3.9938      4.1209  Siess     
    4.165000      4.1211      2.5515      3.9920      4.1211  Siess     
    4.170000      4.1212      2.5543      3.9903      4.1212  Siess     
    4.175000      4.1213      2.5570      3.9886      4.1213  Siess     
    4.180000      4.1215      2.5597      3.9869      4.1215  Siess     
    4.185000      4.1216      2.5625      3.9852      4.1216  Siess     
    4.190000      4.1217      2.5652      3.9835      4.1217  Siess     
    4.195000      4.1218      2.5679      3.9817      4.1218  Siess     
    4.200000      4.1220      2.5707      3.9800      4.1220  Siess     
    4.205000      4.1221      2.5734      3.9783      4.1221  Siess     
    4.210000      4.1222      2.5761      3.9766      4.1222  Siess     
    4.215000      4.1223      2.5788      3.9749      4.1223  Siess     
    4.220000      4.1225      2.5815      3.9732      4.1225  Siess     
    4.225000      4.1226      2.5842      3.9715      4.1226  Siess     
    4.230000      4.1227      2.5870      3.9698      4.1227  Siess     
    4.235000      4.1228      2.5897      3.9681      4.1228  Siess     
    4.240000      4.1230      2.5924      3.9664      4.1230  Siess     
    4.245000      4.1231      2.5951      3.9647      4.1231  Siess     
    4.250000      4.1232      2.5977      3.9631      4.1232  Siess     
    4.255000      4.1233      2.6004      3.9614      4.1233  Siess     
    4.260000      4.1235      2.6031      3.9597      4.1235  Siess     
    4.265000      4.1236      2.6058      3.9580      4.1236  Siess     
    4.270000      4.1237      2.6085      3.9563      4.1237  Siess     
    4.275000      4.1238      2.6112      3.9547      4.1238  Siess     
    4.280000      4.1240      2.6138      3.9530      4.1240  Siess     
    4.285000      4.1241      2.6165      3.9513      4.1241  Siess     
    4.290000      4.1242      2.6192      3.9496      4.1242  Siess     
    4.295000      4.1243      2.6218      3.9480      4.1243  Siess     
    4.300000      4.1245      2.6245      3.9463      4.1245  Siess     
    4.305000      4.1246      2.6272      3.9446      4.1246  Siess     
    4.310000      4.1247      2.6298      3.9430      4.1247  Siess     
    4.315000      4.1248      2.6325      3.9413      4.1248  Siess     
    4.320000      4.1250      2.6351      3.9396      4.1250  Siess     
    4.325000      4.1251      2.6378      3.9380      4.1251  Siess     
    4.330000      4.1252      2.6404      3.9363      4.1252  Siess     
    4.335000      4.1253      2.6431      3.9347      4.1253  Siess     
    4.340000      4.1255      2.6457      3.9330      4.1255  Siess     
    4.345000      4.1256      2.6483      3.9314      4.1256  Siess     
    4.350000      4.1257      2.6510      3.9297      4.1257  Siess     
    4.355000      4.1258      2.6536      3.9281      4.1258  Siess     
    4.360000      4.1259      2.6562      3.9264      4.1259  Siess     
    4.365000      4.1261      2.6588      3.9248      4.1261  Siess     
    4.370000      4.1262      2.6615      3.9231      4.1262  Siess     
    4.375000      4.1263      2.6641      3.9215      4.1263  Siess     
    4.380000      4.1264      2.6667      3.9199      4.1264  Siess     
    4.385000      4.1266      2.6693      3.9182      4.1266  Siess     
    4.390000      4.1267      2.6719      3.9166      4.1267  Siess     
    4.395000      4.1268      2.6745      3.9150      4.1268  Siess     
    4.400000      4.1269      2.6771      3.9133      4.1269  Siess     
    4.405000      4.1270      2.6797      3.9117      4.1270  Siess     
    4.410000      4.1272      2.6823      3.9101      4.1272  Siess     
    4.415000      4.1273      2.6849      3.9084      4.1273  Siess     
    4.420000      4.1274      2.6875      3.9068      4.1274  Siess     
    4.425000      4.1275      2.6901      3.9052      4.1275  Siess     
    4.430000      4.1276      2.6927      3.9036      4.1276  Siess     
    4.435000      4.1278      2.6952      3.9020      4.1278  Siess     
    4.440000      4.1279      2.6978      3.9003      4.1279  Siess     
    4.445000      4.1280      2.7004      3.8987      4.1280  Siess     
    4.450000      4.1281      2.7030      3.8971      4.1281  Siess     
    4.455000      4.1282      2.7055      3.8955      4.1282  Siess     
    4.460000      4.1284      2.7081      3.8939      4.1284  Siess     
    4.465000      4.1285      2.7107      3.8923      4.1285  Siess     
    4.470000      4.1286      2.7132      3.8907      4.1286  Siess     
    4.475000      4.1287      2.7158      3.8891      4.1287  Siess     
    4.480000      4.1288      2.7183      3.8875      4.1288  Siess     
    4.485000      4.1290      2.7209      3.8859      4.1290  Siess     
    4.490000      4.1291      2.7234      3.8843      4.1291  Siess     
    4.495000      4.1292      2.7260      3.8827      4.1292  Siess     
    4.500000      4.1293      2.7285      3.8811      4.1293  Siess     
    4.505000      4.1294      2.7311      3.8795      4.1294  Siess     
    4.510000      4.1295      2.7336      3.8779      4.1295  Siess     
    4.515000      4.1297      2.7361      3.8763      4.1297  Siess     
    4.520000      4.1298      2.7387      3.8747      4.1298  Siess     
    4.525000      4.1299      2.7412      3.8731      4.1299  Siess     
    4.530000      4.1300      2.7437      3.8716      4.1300  Siess     
    4.535000      4.1301      2.7463      3.8700      4.1301  Siess     
    4.540000      4.1303      2.7488      3.8684      4.1303  Siess     
    4.545000      4.1304      2.7513      3.8668      4.1304  Siess     
    4.550000      4.1305      2.7538      3.8652      4.1305  Siess     
    4.555000      4.1306      2.7563      3.8637      4.1306  Siess     
    4.560000      4.1307      2.7588      3.8621      4.1307  Siess     
    4.565000      4.1308      2.7613      3.8605      4.1308  Siess     
    4.570000      4.1310      2.7639      3.8590      4.1310  Siess     
    4.575000      4.1311      2.7664      3.8574      4.1311  Siess     
    4.580000      4.1312      2.7689      3.8558      4.1312  Siess     
    4.585000      4.1313      2.7714      3.8543      4.1313  Siess     
    4.590000      4.1314      2.7738      3.8527      4.1314  Siess     
    4.595000      4.1315      2.7763      3.8511      4.1315  Siess     
    4.600000      4.1317      2.7788      3.8496      4.1317  Siess     
    4.605000      4.1318      2.7813      3.8480      4.1318  Siess     
    4.610000      4.1319      2.7838      3.8465      4.1319  Siess     
    4.615000      4.1320      2.7863      3.8449      4.1320  Siess     
    4.620000      4.1321      2.7888      3.8434      4.1321  Siess     
    4.625000      4.1322      2.7912      3.8418      4.1322  Siess     
    4.630000      4.1323      2.7937      3.8403      4.1323  Siess     
    4.635000      4.1325      2.7962      3.8387      4.1325  Siess     
    4.640000      4.1326      2.7986      3.8372      4.1326  Siess     
    4.645000      4.1327      2.8011      3.8356      4.1327  Siess     
    4.650000      4.1328      2.8036      3.8341      4.1328  Siess     
    4.655000      4.1329      2.8060      3.8325      4.1329  Siess     
    4.660000      4.1330      2.8085      3.8310      4.1330  Siess     
    4.665000      4.1331      2.8109      3.8295      4.1331  Siess     
    4.670000      4.1333      2.8134      3.8279      4.1333  Siess     
    4.675000      4.1334      2.8158      3.8264      4.1334  Siess     
    4.680000      4.1335      2.8183      3.8248      4.1335  Siess     
    4.685000      4.1336      2.8207      3.8233      4.1336  Siess     
    4.690000      4.1337      2.8232      3.8218      4.1337  Siess     
    4.695000      4.1338      2.8256      3.8203      4.1338  Siess     
    4.700000      4.1339      2.8280      3.8187      4.1339  Siess     
    4.705000      4.1341      2.8305      3.8172      4.1341  Siess     
    4.710000      4.1342      2.8329      3.8157      4.1342  Siess     
    4.715000      4.1343      2.8353      3.8142      4.1343  Siess     
    4.720000      4.1344      2.8378      3.8126      4.1344  Siess     
    4.725000      4.1345      2.8402      3.8111      4.1345  Siess     
    4.730000      4.1346      2.8426      3.8096      4.1346  Siess     
    4.735000      4.1347      2.8450      3.8081      4.1347  Siess     
    4.740000      4.1348      2.8474      3.8066      4.1348  Siess     
    4.745000      4.1350      2.8498      3.8051      4.1350  Siess     
    4.750000      4.1351      2.8522      3.8036      4.1351  Siess     
    4.755000      4.1352      2.8547      3.8020      4.1352  Siess     
    4.760000      4.1353      2.8571      3.8005      4.1353  Siess     
    4.765000      4.1354      2.8595      3.7990      4.1354  Siess     
    4.770000      4.1355      2.8619      3.7975      4.1355  Siess     
    4.775000      4.1356      2.8643      3.7960      4.1356  Siess     
    4.780000      4.1357      2.8667      3.7945      4.1357  Siess     
    4.785000      4.1359      2.8690      3.7930      4.1359  Siess     
    4.790000      4.1360      2.8714      3.7915      4.1360  Siess     
    4.795000      4.1361      2.8738      3.7900      4.1361  Siess     
    4.800000      4.1362      2.8762      3.7885      4.1362  Siess     
    4.805000      4.1363      2.8786      3.7870      4.1363  Siess     
    4.810000      4.1364      2.8810      3.7856      4.1364  Siess     
    4.815000      4.1365      2.8833      3.7841      4.1365  Siess     
    4.820000      4.1366      2.8857      3.7826      4.1366  Siess     
    4.825000      4.1367      2.8881      3.7811      4.1367  Siess     
    4.830000      4.1369      2.8905      3.7796      4.1369  Siess     
    4.835000      4.1370      2.8928      3.7781      4.1370  Siess     
    4.840000      4.1371      2.8952      3.7766      4.1371  Siess     
    4.845000      4.1372      2.8976      3.7752      4.1372  Siess     
    4.850000      4.1373      2.8999      3.7737      4.1373  Siess     
    4.855000      4.1374      2.9023      3.7722      4.1374  Siess     
    4.860000      4.1375      2.9046      3.7707      4.1375  Siess     
    4.865000      4.1376      2.9070      3.7693      4.1376  Siess     
    4.870000      4.1377      2.9093      3.7678      4.1377  Siess     
    4.875000      4.1378      2.9117      3.7663      4.1378  Siess     
    4.880000      4.1380      2.9140      3.7648      4.1380  Siess     
    4.885000      4.1381      2.9164      3.7634      4.1381  Siess     
    4.890000      4.1382      2.9187      3.7619      4.1382  Siess     
    4.895000      4.1383      2.9211      3.7604      4.1383  Siess     
    4.900000      4.1384      2.9234      3.7590      4.1384  Siess     
    4.905000      4.1385      2.9257      3.7575      4.1385  Siess     
    4.910000      4.1386      2.9281      3.7560      4.1386  Siess     
    4.915000      4.1387      2.9304      3.7546      4.1387  Siess     
    4.920000      4.1388      2.9327      3.7531      4.1388  Siess     
    4.925000      4.1389      2.9350      3.7517      4.1389  Siess     
    4.930000      4.1390      2.9374      3.7502      4.1390  Siess     
    4.935000      4.1391      2.9397      3.7488      4.1391  Siess     
    4.940000      4.1393      2.9420      3.7473      4.1393  Siess     
    4.945000      4.1394      2.9443      3.7459      4.1394  Siess     
    4.950000      4.1395      2.9466      3.7444      4.1395  Siess     
    4.955000      4.1396      2.9489      3.7430      4.1396  Siess     
    4.960000      4.1397      2.9512      3.7415      4.1397  Siess     
    4.965000      4.1398      2.9535      3.7401      4.1398  Siess     
    4.970000      4.1399      2.9558      3.7386      4.1399  Siess     
    4.975000      4.1400      2.9581      3.7372      4.1400  Siess     
    4.980000      4.1401      2.9604      3.7357      4.1401  Siess     
    4.985000      4.1402      2.9627      3.7343      4.1402  Siess     
    4.990000      4.1403      2.9650      3.7329      4.1403  Siess     
    4.995000      4.1404      2.9673      3.7314      4.1404  Siess     
    4.995000      4.1570      2.9715      3.7393      4.1570  Padova    
    5.000000      4.1568      2.9741      3.7363      4.1568  Padova    
    5.000000      4.1568      2.9741      3.7363      4.1568  Padova    
    5.005000      4.1566      2.9768      3.7331      4.1566  Padova    
    5.010000      4.1563      2.9794      3.7299      4.1563  Padova    
    5.015000      4.1561      2.9821      3.7267      4.1561  Padova    
    5.020000      4.1558      2.9847      3.7236      4.1558  Padova    
    5.025000      4.1556      2.9873      3.7204      4.1556  Padova    
    5.030000      4.1554      2.9900      3.7172      4.1554  Padova    
    5.035000      4.1551      2.9926      3.7141      4.1551  Padova    
    5.040000      4.1549      2.9952      3.7109      4.1549  Padova    
    5.045000      4.1546      2.9979      3.7077      4.1546  Padova    
    5.050000      4.1544      3.0005      3.7046      4.1544  Padova    
    5.055000      4.1542      3.0031      3.7014      4.1542  Padova    
    5.060000      4.1539      3.0058      3.6983      4.1539  Padova    
    5.065000      4.1537      3.0084      3.6951      4.1537  Padova    
    5.070000      4.1535      3.0110      3.6920      4.1535  Padova    
    5.075000      4.1532      3.0136      3.6888      4.1532  Padova    
    5.080000      4.1530      3.0162      3.6857      4.1530  Padova    
    5.085000      4.1527      3.0188      3.6825      4.1527  Padova    
    5.090000      4.1525      3.0214      3.6794      4.1525  Padova    
    5.095000      4.1523      3.0241      3.6763      4.1523  Padova    
    5.100000      4.1520      3.0267      3.6732      4.1520  Padova    
    5.104889      4.1518      3.0292      3.6701      4.1518  Padova    
    5.105000      4.1518      3.0293      3.6700      4.1518  Padova    
    5.110000      4.1514      3.0320      3.6660      4.1514  Padova    
    5.115000      4.1510      3.0348      3.6620      4.1510  Padova    
    5.120000      4.1505      3.0375      3.6580      4.1505  Padova    
    5.125000      4.1501      3.0403      3.6540      4.1501  Padova    
    5.130000      4.1497      3.0430      3.6500      4.1497  Padova    
    5.135000      4.1493      3.0458      3.6460      4.1493  Padova    
    5.140000      4.1489      3.0485      3.6420      4.1489  Padova    
    5.145000      4.1485      3.0513      3.6381      4.1485  Padova    
    5.150000      4.1480      3.0540      3.6341      4.1480  Padova    
    5.155000      4.1476      3.0567      3.6301      4.1476  Padova    
    5.160000      4.1472      3.0595      3.6261      4.1472  Padova    
    5.165000      4.1468      3.0622      3.6222      4.1468  Padova    
    5.170000      4.1464      3.0649      3.6182      4.1464  Padova    
    5.175000      4.1460      3.0676      3.6143      4.1460  Padova    
    5.180000      4.1456      3.0704      3.6103      4.1456  Padova    
    5.185000      4.1452      3.0731      3.6064      4.1452  Padova    
    5.190000      4.1447      3.0758      3.6024      4.1447  Padova    
    5.195000      4.1443      3.0785      3.5985      4.1443  Padova    
    5.200000      4.1439      3.0812      3.5945      4.1439  Padova    
    5.205000      4.1435      3.0839      3.5906      4.1435  Padova    
    5.208817      4.1432      3.0860      3.5876      4.1432  Padova    
    5.210000      4.1431      3.0867      3.5864      4.1431  Padova    
    5.215000      4.1424      3.0895      3.5815      4.1424  Padova    
    5.220000      4.1418      3.0924      3.5766      4.1418  Padova    
    5.225000      4.1412      3.0953      3.5718      4.1412  Padova    
    5.230000      4.1406      3.0981      3.5669      4.1406  Padova    
    5.235000      4.1400      3.1010      3.5620      4.1400  Padova    
    5.240000      4.1394      3.1038      3.5571      4.1394  Padova    
    5.245000      4.1388      3.1067      3.5522      4.1388  Padova    
    5.250000      4.1382      3.1095      3.5474      4.1382  Padova    
    5.255000      4.1376      3.1123      3.5425      4.1376  Padova    
    5.260000      4.1370      3.1152      3.5376      4.1370  Padova    
    5.265000      4.1364      3.1180      3.5328      4.1364  Padova    
    5.270000      4.1358      3.1209      3.5279      4.1358  Padova    
    5.275000      4.1351      3.1237      3.5231      4.1351  Padova    
    5.280000      4.1345      3.1265      3.5182      4.1345  Padova    
    5.285000      4.1339      3.1293      3.5134      4.1339  Padova    
    5.290000      4.1333      3.1322      3.5086      4.1333  Padova    
    5.295000      4.1327      3.1350      3.5038      4.1327  Padova    
    5.296093      4.1326      3.1356      3.5027      4.1326  Padova    
    5.300000      4.1320      3.1380      3.4984      4.1320  Padova    
    5.305000      4.1313      3.1410      3.4929      4.1313  Padova    
    5.310000      4.1306      3.1440      3.4875      4.1306  Padova    
    5.315000      4.1299      3.1470      3.4820      4.1299  Padova    
    5.320000      4.1292      3.1500      3.4766      4.1292  Padova    
    5.325000      4.1284      3.1530      3.4711      4.1284  Padova    
    5.330000      4.1277      3.1560      3.4656      4.1277  Padova    
    5.334268      4.1271      3.1586      3.4610      4.1271  Padova    
    5.335000      4.1270      3.1591      3.4602      4.1270  Padova    
    5.340000      4.1264      3.1623      3.4548      4.1264  Padova    
    5.345000      4.1257      3.1656      3.4494      4.1257  Padova    
    5.350000      4.1251      3.1689      3.4439      4.1251  Padova    
    5.355000      4.1245      3.1721      3.4385      4.1245  Padova    
    5.360000      4.1238      3.1754      3.4331      4.1238  Padova    
    5.365000      4.1232      3.1786      3.4277      4.1232  Padova    
    5.369096      4.1227      3.1813      3.4233      4.1227  Padova    
    5.370000      4.1227      3.1820      3.4225      4.1227  Padova    
    5.375000      4.1224      3.1857      3.4183      4.1224  Padova    
    5.380000      4.1222      3.1895      3.4141      4.1222  Padova    
    5.385000      4.1220      3.1932      3.4099      4.1220  Padova    
    5.390000      4.1218      3.1969      3.4057      4.1218  Padova    
    5.392103      4.1217      3.1985      3.4039      4.1217  Padova    
    5.395000      4.1222      3.2013      3.4035      4.1222  Padova    
    5.400000      4.1231      3.2061      3.4028      4.1231  Padova    
    5.405000      4.1241      3.2109      3.4021      4.1241  Padova    
    5.406339      4.1243      3.2122      3.4019      4.1243  Padova    
    5.410000      4.1268      3.2174      3.4071      4.1268  Padova    
    5.415000      4.1302      3.2245      3.4142      4.1302  Padova    
    5.417557      4.1320      3.2281      3.4178      4.1320  Padova    
    5.420000      4.1378      3.2359      3.4334      4.1378  Padova    
    5.425000      4.1496      3.2517      3.4653      4.1496  Padova    
    5.425114      4.1499      3.2521      3.4660      4.1499  Padova    
    5.427250      4.1652      3.2746      3.5046      4.1652  Padova    
    5.428488      4.1818      3.3049      3.5408      4.1818  Padova    
    5.428589      4.1808      3.2996      3.5424      4.1808  Padova    
    5.428909      4.1666      3.2579      3.5270      4.1666  Padova    
    5.429250      4.1473      3.2487      3.4594      4.1473  Padova    
    5.429549      4.1316      3.2651      3.3800      4.1316  Padova    
    5.429933      4.1136      3.2840      3.2893      4.1136  Padova    
    5.430000      4.1105      3.2860      3.2750      4.1105  Padova    
    5.430359      4.0941      3.2966      3.1986      4.0941  Padova    
    5.430850      4.0722      3.3040      3.1035      4.0722  Padova    
    5.431404      4.0469      3.3063      3.0001      4.0469  Padova    
    5.431746      4.0306      3.3053      2.9362      4.0306  Padova    
    5.432108      4.0128      3.3026      2.8674      4.0128  Padova    
    5.432469      3.9931      3.2980      2.7932      3.9931  Padova    
    5.432850      3.9707      3.2911      2.7108      3.9707  Padova    
    5.433230      3.9459      3.2818      2.6211      3.9459  Padova    
    5.433610      3.9177      3.2691      2.5209      3.9177  Padova    
    5.433800      3.9020      3.2613      2.4659      3.9020  Padova    
    5.434009      3.8841      3.2519      2.4035      3.8841  Padova    
    5.434199      3.8653      3.2414      2.3390      3.8653  Padova    
    5.434389      3.8447      3.2293      2.2687      3.8447  Padova    
    5.434579      3.8215      3.2151      2.1900      3.8215  Padova    
    5.434768      3.7955      3.1985      2.1025      3.7955  Padova    
    5.434958      3.7658      3.1787      2.0036      3.7658  Padova    
    5.435000      3.7586      3.1731      1.9805      3.7586  Padova    
    5.435129      3.7363      3.1556      1.9088      3.7363  Padova    
    5.435319      3.7099      3.1252      1.8335      3.7099  Padova    
    5.435508      3.6918      3.0871      1.7992      3.6918  Padova    
    5.435679      3.6782      3.0486      1.7832      3.6782  Padova    
    5.435850      3.6674      3.0279      1.7610      3.6674  Padova    
    5.436136      3.6500      3.0912      1.6279      3.6500  Padova    
    5.436402      3.6372      3.1934      1.4748      3.6372  Padova    
    5.436667      3.6309      3.2588      1.3843      3.6309  Padova    
    5.437117      3.6253      3.3163      1.3042      3.6253  Padova    
    5.437689      3.6199      3.3717      1.2274      3.6199  Padova    
    5.438302      3.6147      3.4272      1.1512      3.6147  Padova    
    5.438914      3.6099      3.4840      1.0750      3.6099  Padova    
    5.439546      3.6053      3.5407      0.9999      3.6053  Padova    
    5.440000      3.6022      3.5774      0.9510      3.6022  Padova    
    5.440158      3.6011      3.5902      0.9339      3.6011  Padova    
    5.441239      3.5977      3.6299      0.8808      3.5977  Padova    
    5.442176      3.5967      3.6420      0.8647      3.5967  Padova    
    5.445000      3.5984      3.6248      0.8888      3.5984  Padova    
    5.450000      3.6013      3.5944      0.9313      3.6013  Padova    
    5.450996      3.6019      3.5884      0.9398      3.6019  Padova    
    5.455000      3.6064      3.5399      1.0066      3.6064  Padova    
    5.455355      3.6068      3.5356      1.0125      3.6068  Padova    
    5.459278      3.6120      3.4753      1.0940      3.6120  Padova    
    5.460000      3.6131      3.4635      1.1101      3.6131  Padova    
    5.462981      3.6175      3.4147      1.1767      3.6175  Padova    
    5.465000      3.6205      3.3833      1.2200      3.6205  Padova    
    5.466401      3.6225      3.3616      1.2501      3.6225  Padova    
    5.470000      3.6270      3.3138      1.3164      3.6270  Padova    
    5.470291      3.6274      3.3099      1.3217      3.6274  Padova    
    5.475000      3.6322      3.2636      1.3877      3.6322  Padova    
    5.475741      3.6330      3.2563      1.3981      3.6330  Padova    
    5.480000      3.6362      3.2313      1.4363      3.6362  Padova    
    5.484523      3.6396      3.2048      1.4769      3.6396  Padova    
    5.485000      3.6399      3.2039      1.4790      3.6399  Padova    
    5.490000      3.6430      3.1945      1.5012      3.6430  Padova    
    5.495000      3.6461      3.1850      1.5234      3.6461  Padova    
    5.496931      3.6473      3.1814      1.5319      3.6473  Padova    
    5.500000      3.6506      3.1932      1.5337      3.6506  Padova    
    5.505000      3.6561      3.2124      1.5367      3.6561  Padova    
    5.506031      3.6572      3.2163      1.5373      3.6572  Padova    
    5.509428      3.6647      3.2450      1.5388      3.6647  Padova    
    5.510000      3.6675      3.2527      1.5426      3.6675  Padova    
    5.511741      3.6762      3.2761      1.5540      3.6762  Padova    
    5.515000      3.6961      3.3057      1.6044      3.6961  Padova    
    5.515588      3.6997      3.3111      1.6135      3.6997  Padova    
    5.520000      3.7031      3.3164      1.6223      3.7031  Padova    
    5.525000      3.7070      3.3224      1.6322      3.7070  Padova    
    5.530000      3.7109      3.3284      1.6421      3.7109  Padova    
    5.535000      3.7148      3.3344      1.6520      3.7148  Padova    
    5.540000      3.7187      3.3404      1.6619      3.7187  Padova    
    5.545000      3.7225      3.3464      1.6717      3.7225  Padova    
    5.550000      3.7264      3.3523      1.6816      3.7264  Padova    
    5.555000      3.7303      3.3583      1.6915      3.7303  Padova    
    5.560000      3.7341      3.3643      1.7013      3.7341  Padova    
    5.565000      3.7380      3.3702      1.7112      3.7380  Padova    
    5.570000      3.7418      3.3762      1.7210      3.7418  Padova    
    5.570611      3.7423      3.3769      1.7222      3.7423  Padova    
    5.575000      3.7402      3.3791      1.7118      3.7402  Padova    
    5.580000      3.7377      3.3817      1.6999      3.7377  Padova    
    5.585000      3.7353      3.3842      1.6880      3.7353  Padova    
    5.590000      3.7328      3.3867      1.6761      3.7328  Padova    
    5.595000      3.7304      3.3892      1.6643      3.7304  Padova    
    5.600000      3.7280      3.3918      1.6524      3.7280  Padova    
    5.603436      3.7263      3.3935      1.6443      3.7263  Padova    
    5.605000      3.7236      3.3928      1.6343      3.7236  Padova    
    5.610000      3.7149      3.3907      1.6021      3.7149  Padova    
    5.615000      3.7063      3.3886      1.5701      3.7063  Padova    
    5.616912      3.7030      3.3878      1.5578      3.7030  Padova    
    5.620000      3.6944      3.3825      1.5290      3.6944  Padova    
    5.625000      3.6806      3.3738      1.4825      3.6806  Padova    
    5.627799      3.6728      3.3690      1.4565      3.6728  Padova    
    5.630000      3.6685      3.3622      1.4465      3.6685  Padova    
    5.635000      3.6589      3.3466      1.4237      3.6589  Padova    
    5.640000      3.6492      3.3311      1.4009      3.6492  Padova    
    5.642640      3.6441      3.3229      1.3889      3.6441  Padova    
    5.645000      3.6422      3.3291      1.3753      3.6422  Padova    
    5.650000      3.6382      3.3423      1.3464      3.6382  Padova    
    5.655000      3.6341      3.3555      1.3175      3.6341  Padova    
    5.660000      3.6301      3.3686      1.2887      3.6301  Padova    
    5.660860      3.6294      3.3709      1.2837      3.6294  Padova    
    5.662305      3.6239      3.4118      1.2206      3.6239  Padova    
    5.662376      3.6230      3.4195      1.2095      3.6230  Padova    
    5.662646      3.6184      3.4659      1.1446      3.6184  Padova    
    5.664024      3.6123      3.5276      1.0585      3.6123  Padova    
    5.664528      3.6089      3.5637      1.0091      3.6089  Padova    
    5.665000      3.6052      3.6044      0.9536      3.6052  Padova    
    5.665300      3.6028      3.6303      0.9183      3.6028  Padova    
    5.666274      3.5972      3.6928      0.8334      3.5972  Padova    
    5.667346      3.5917      3.7530      0.7510      3.5917  Padova    
    5.668234      3.5872      3.8030      0.6833      3.5872  Padova    
    5.669138      3.5821      3.8578      0.6083      3.5821  Padova    
    5.669841      3.5775      3.9066      0.5411      3.5775  Padova    
    5.670000      3.5763      3.9188      0.5242      3.5763  Padova    
    5.670476      3.5728      3.9553      0.4736      3.5728  Padova    
    5.670994      3.5681      4.0018      0.4084      3.5681  Padova    
    5.671446      3.5638      4.0445      0.3485      3.5638  Padova    
    5.672063      3.5596      4.0974      0.2788      3.5596  Padova    
    5.672348      3.5571      4.1303      0.2359      3.5571  Padova    
    5.672581      3.5545      4.1600      0.1958      3.5545  Padova    
    5.672831      3.5501      4.2037      0.1347      3.5501  Padova    
    5.673265      3.5446      4.2536      0.0626      3.5446  Padova    
    5.673332      3.5422      4.2768      0.0299      3.5422  Padova    
    5.673415      3.5397      4.3019     -0.0054      3.5397  Padova    
    5.673532      3.5368      4.3283     -0.0432      3.5368  Padova    
