    # M_init       log T       log L       log g    log T WR  Source    
    # (Msun)    (Kelvin)      (Lsun)          ()    (Kelvin)  ()        
    0.100000      3.4441     -3.0782      5.3218      3.4441  Siess     
    0.105000      3.4521     -2.9984      5.3028      3.4521  Siess     
    0.110000      3.4597     -2.9223      5.2848      3.4597  Siess     
    0.115000      3.4670     -2.8496      5.2676      3.4670  Siess     
    0.120000      3.4739     -2.7800      5.2510      3.4739  Siess     
    0.125000      3.4806     -2.7132      5.2352      3.4806  Siess     
    0.130000      3.4870     -2.6490      5.2200      3.4870  Siess     
    0.135000      3.4900     -2.6083      5.2091      3.4900  Siess     
    0.140000      3.4929     -2.5691      5.1986      3.4929  Siess     
    0.145000      3.4957     -2.5312      5.1884      3.4957  Siess     
    0.150000      3.4984     -2.4947      5.1786      3.4984  Siess     
    0.155000      3.5010     -2.4593      5.1692      3.5010  Siess     
    0.160000      3.5035     -2.4250      5.1600      3.5035  Siess     
    0.165000      3.5054     -2.3976      5.1531      3.5054  Siess     
    0.170000      3.5072     -2.3709      5.1464      3.5072  Siess     
    0.175000      3.5090     -2.3450      5.1399      3.5090  Siess     
    0.180000      3.5107     -2.3199      5.1336      3.5107  Siess     
    0.185000      3.5124     -2.2954      5.1275      3.5124  Siess     
    0.190000      3.5141     -2.2716      5.1215      3.5141  Siess     
    0.195000      3.5156     -2.2484      5.1157      3.5156  Siess     
    0.200000      3.5172     -2.2258      5.1100      3.5172  Siess     
    0.205000      3.5193     -2.2036      5.1045      3.5193  Siess     
    0.210000      3.5213     -2.1818      5.0991      3.5213  Siess     
    0.215000      3.5232     -2.1607      5.0938      3.5232  Siess     
    0.220000      3.5251     -2.1399      5.0886      3.5251  Siess     
    0.225000      3.5270     -2.1197      5.0836      3.5270  Siess     
    0.230000      3.5288     -2.0999      5.0787      3.5288  Siess     
    0.235000      3.5306     -2.0805      5.0739      3.5306  Siess     
    0.240000      3.5324     -2.0616      5.0691      3.5324  Siess     
    0.245000      3.5341     -2.0430      5.0645      3.5341  Siess     
    0.250000      3.5358     -2.0248      5.0600      3.5358  Siess     
    0.255000      3.5370     -2.0084      5.0557      3.5370  Siess     
    0.260000      3.5382     -1.9923      5.0514      3.5382  Siess     
    0.265000      3.5394     -1.9766      5.0472      3.5394  Siess     
    0.270000      3.5405     -1.9611      5.0431      3.5405  Siess     
    0.275000      3.5417     -1.9460      5.0391      3.5417  Siess     
    0.280000      3.5428     -1.9311      5.0351      3.5428  Siess     
    0.285000      3.5439     -1.9164      5.0313      3.5439  Siess     
    0.290000      3.5449     -1.9020      5.0274      3.5449  Siess     
    0.295000      3.5460     -1.8879      5.0237      3.5460  Siess     
    0.300000      3.5470     -1.8740      5.0200      3.5470  Siess     
    0.305000      3.5480     -1.8588      5.0161      3.5480  Siess     
    0.310000      3.5490     -1.8439      5.0123      3.5490  Siess     
    0.315000      3.5500     -1.8292      5.0085      3.5500  Siess     
    0.320000      3.5510     -1.8147      5.0048      3.5510  Siess     
    0.325000      3.5519     -1.8004      5.0012      3.5519  Siess     
    0.330000      3.5528     -1.7864      4.9976      3.5528  Siess     
    0.335000      3.5538     -1.7726      4.9940      3.5538  Siess     
    0.340000      3.5547     -1.7590      4.9905      3.5547  Siess     
    0.345000      3.5556     -1.7456      4.9871      3.5556  Siess     
    0.350000      3.5564     -1.7323      4.9837      3.5564  Siess     
    0.355000      3.5573     -1.7193      4.9804      3.5573  Siess     
    0.360000      3.5582     -1.7065      4.9771      3.5582  Siess     
    0.365000      3.5590     -1.6938      4.9738      3.5590  Siess     
    0.370000      3.5598     -1.6813      4.9706      3.5598  Siess     
    0.375000      3.5606     -1.6689      4.9675      3.5606  Siess     
    0.380000      3.5614     -1.6568      4.9643      3.5614  Siess     
    0.385000      3.5622     -1.6448      4.9613      3.5622  Siess     
    0.390000      3.5630     -1.6329      4.9582      3.5630  Siess     
    0.395000      3.5638     -1.6212      4.9552      3.5638  Siess     
    0.400000      3.5646     -1.6096      4.9523      3.5646  Siess     
    0.405000      3.5654     -1.5958      4.9482      3.5654  Siess     
    0.410000      3.5663     -1.5820      4.9443      3.5663  Siess     
    0.415000      3.5672     -1.5685      4.9403      3.5672  Siess     
    0.420000      3.5680     -1.5551      4.9365      3.5680  Siess     
    0.425000      3.5688     -1.5419      4.9326      3.5688  Siess     
    0.430000      3.5697     -1.5288      4.9288      3.5697  Siess     
    0.435000      3.5705     -1.5159      4.9251      3.5705  Siess     
    0.440000      3.5713     -1.5032      4.9214      3.5713  Siess     
    0.445000      3.5721     -1.4905      4.9177      3.5721  Siess     
    0.450000      3.5728     -1.4780      4.9141      3.5728  Siess     
    0.455000      3.5736     -1.4657      4.9105      3.5736  Siess     
    0.460000      3.5744     -1.4535      4.9070      3.5744  Siess     
    0.465000      3.5751     -1.4414      4.9035      3.5751  Siess     
    0.470000      3.5759     -1.4295      4.9000      3.5759  Siess     
    0.475000      3.5766     -1.4176      4.8966      3.5766  Siess     
    0.480000      3.5774     -1.4059      4.8932      3.5774  Siess     
    0.485000      3.5781     -1.3944      4.8899      3.5781  Siess     
    0.490000      3.5788     -1.3829      4.8865      3.5788  Siess     
    0.495000      3.5795     -1.3716      4.8833      3.5795  Siess     
    0.500000      3.5802     -1.3603      4.8800      3.5802  Siess     
    0.505000      3.5812     -1.3472      4.8756      3.5812  Siess     
    0.510000      3.5822     -1.3341      4.8713      3.5822  Siess     
    0.515000      3.5832     -1.3212      4.8670      3.5832  Siess     
    0.520000      3.5842     -1.3084      4.8628      3.5842  Siess     
    0.525000      3.5851     -1.2958      4.8586      3.5851  Siess     
    0.530000      3.5861     -1.2832      4.8544      3.5861  Siess     
    0.535000      3.5870     -1.2708      4.8503      3.5870  Siess     
    0.540000      3.5880     -1.2585      4.8462      3.5880  Siess     
    0.545000      3.5889     -1.2463      4.8422      3.5889  Siess     
    0.550000      3.5898     -1.2342      4.8382      3.5898  Siess     
    0.555000      3.5907     -1.2223      4.8342      3.5907  Siess     
    0.560000      3.5916     -1.2104      4.8303      3.5916  Siess     
    0.565000      3.5925     -1.1986      4.8264      3.5925  Siess     
    0.570000      3.5934     -1.1870      4.8225      3.5934  Siess     
    0.575000      3.5943     -1.1754      4.8187      3.5943  Siess     
    0.580000      3.5952     -1.1640      4.8149      3.5952  Siess     
    0.585000      3.5960     -1.1526      4.8111      3.5960  Siess     
    0.590000      3.5969     -1.1414      4.8074      3.5969  Siess     
    0.595000      3.5977     -1.1302      4.8037      3.5977  Siess     
    0.600000      3.5986     -1.1191      4.8000      3.5986  Siess     
    0.605000      3.6001     -1.1063      4.7952      3.6001  Siess     
    0.610000      3.6016     -1.0936      4.7903      3.6016  Siess     
    0.615000      3.6031     -1.0810      4.7856      3.6031  Siess     
    0.620000      3.6045     -1.0685      4.7809      3.6045  Siess     
    0.625000      3.6060     -1.0561      4.7762      3.6060  Siess     
    0.630000      3.6075     -1.0438      4.7715      3.6075  Siess     
    0.635000      3.6089     -1.0316      4.7669      3.6089  Siess     
    0.640000      3.6103     -1.0195      4.7623      3.6103  Siess     
    0.645000      3.6117     -1.0074      4.7578      3.6117  Siess     
    0.650000      3.6132     -0.9955      4.7533      3.6132  Siess     
    0.655000      3.6145     -0.9837      4.7488      3.6145  Siess     
    0.660000      3.6159     -0.9719      4.7444      3.6159  Siess     
    0.665000      3.6173     -0.9603      4.7399      3.6173  Siess     
    0.670000      3.6187     -0.9487      4.7356      3.6187  Siess     
    0.675000      3.6200     -0.9372      4.7312      3.6200  Siess     
    0.680000      3.6214     -0.9258      4.7269      3.6214  Siess     
    0.685000      3.6227     -0.9145      4.7226      3.6227  Siess     
    0.690000      3.6240     -0.9033      4.7184      3.6240  Siess     
    0.695000      3.6253     -0.8921      4.7142      3.6253  Siess     
    0.700000      3.6266     -0.8811      4.7100      3.6266  Siess     
    0.705000      3.6287     -0.8674      4.7057      3.6287  Siess     
    0.710000      3.6307     -0.8539      4.7015      3.6307  Siess     
    0.715000      3.6328     -0.8405      4.6973      3.6328  Siess     
    0.720000      3.6348     -0.8271      4.6931      3.6348  Siess     
    0.725000      3.6368     -0.8139      4.6890      3.6368  Siess     
    0.730000      3.6387     -0.8007      4.6849      3.6387  Siess     
    0.735000      3.6407     -0.7876      4.6808      3.6407  Siess     
    0.740000      3.6427     -0.7746      4.6767      3.6427  Siess     
    0.745000      3.6446     -0.7617      4.6727      3.6446  Siess     
    0.750000      3.6465     -0.7489      4.6687      3.6465  Siess     
    0.755000      3.6484     -0.7362      4.6647      3.6484  Siess     
    0.760000      3.6503     -0.7235      4.6607      3.6503  Siess     
    0.765000      3.6522     -0.7110      4.6568      3.6522  Siess     
    0.770000      3.6541     -0.6985      4.6529      3.6541  Siess     
    0.775000      3.6560     -0.6861      4.6490      3.6560  Siess     
    0.780000      3.6578     -0.6738      4.6452      3.6578  Siess     
    0.785000      3.6597     -0.6616      4.6413      3.6597  Siess     
    0.790000      3.6615     -0.6494      4.6375      3.6615  Siess     
    0.795000      3.6633     -0.6373      4.6338      3.6633  Siess     
    0.800000      3.6651     -0.6253      4.6300      3.6651  Siess     
    0.805000      3.6670     -0.6124      4.6274      3.6670  Siess     
    0.810000      3.6688     -0.5995      4.6247      3.6688  Siess     
    0.815000      3.6707     -0.5867      4.6221      3.6707  Siess     
    0.820000      3.6725     -0.5740      4.6195      3.6725  Siess     
    0.825000      3.6744     -0.5614      4.6169      3.6744  Siess     
    0.830000      3.6762     -0.5488      4.6144      3.6762  Siess     
    0.835000      3.6780     -0.5364      4.6118      3.6780  Siess     
    0.840000      3.6798     -0.5240      4.6093      3.6798  Siess     
    0.845000      3.6816     -0.5116      4.6068      3.6816  Siess     
    0.850000      3.6833     -0.4994      4.6043      3.6833  Siess     
    0.855000      3.6851     -0.4872      4.6018      3.6851  Siess     
    0.860000      3.6869     -0.4751      4.5993      3.6869  Siess     
    0.865000      3.6886     -0.4630      4.5968      3.6886  Siess     
    0.870000      3.6903     -0.4511      4.5944      3.6903  Siess     
    0.875000      3.6921     -0.4392      4.5920      3.6921  Siess     
    0.880000      3.6938     -0.4273      4.5895      3.6938  Siess     
    0.885000      3.6955     -0.4156      4.5871      3.6955  Siess     
    0.890000      3.6972     -0.4039      4.5847      3.6972  Siess     
    0.895000      3.6988     -0.3922      4.5824      3.6988  Siess     
    0.900000      3.7005     -0.3806      4.5800      3.7005  Siess     
    0.905000      3.7021     -0.3688      4.5768      3.7021  Siess     
    0.910000      3.7037     -0.3570      4.5737      3.7037  Siess     
    0.915000      3.7053     -0.3452      4.5706      3.7053  Siess     
    0.920000      3.7069     -0.3336      4.5675      3.7069  Siess     
    0.925000      3.7084     -0.3220      4.5644      3.7084  Siess     
    0.930000      3.7100     -0.3104      4.5613      3.7100  Siess     
    0.935000      3.7115     -0.2989      4.5583      3.7115  Siess     
    0.940000      3.7131     -0.2875      4.5552      3.7131  Siess     
    0.945000      3.7146     -0.2761      4.5522      3.7146  Siess     
    0.950000      3.7161     -0.2648      4.5492      3.7161  Siess     
    0.955000      3.7177     -0.2536      4.5462      3.7177  Siess     
    0.960000      3.7192     -0.2424      4.5432      3.7192  Siess     
    0.965000      3.7207     -0.2313      4.5403      3.7207  Siess     
    0.970000      3.7222     -0.2202      4.5373      3.7222  Siess     
    0.975000      3.7236     -0.2092      4.5344      3.7236  Siess     
    0.980000      3.7251     -0.1982      4.5315      3.7251  Siess     
    0.985000      3.7266     -0.1873      4.5286      3.7266  Siess     
    0.990000      3.7281     -0.1765      4.5257      3.7281  Siess     
    0.995000      3.7295     -0.1657      4.5229      3.7295  Siess     
    1.000000      3.7310     -0.1550      4.5200      3.7310  Siess     
    1.005000      3.7322     -0.1445      4.5165      3.7322  Siess     
    1.010000      3.7335     -0.1341      4.5131      3.7335  Siess     
    1.015000      3.7347     -0.1238      4.5097      3.7347  Siess     
    1.020000      3.7359     -0.1135      4.5063      3.7359  Siess     
    1.025000      3.7372     -0.1032      4.5029      3.7372  Siess     
    1.030000      3.7384     -0.0930      4.4995      3.7384  Siess     
    1.035000      3.7396     -0.0829      4.4962      3.7396  Siess     
    1.040000      3.7408     -0.0728      4.4929      3.7408  Siess     
    1.045000      3.7420     -0.0628      4.4895      3.7420  Siess     
    1.050000      3.7432     -0.0528      4.4862      3.7432  Siess     
    1.055000      3.7444     -0.0428      4.4830      3.7444  Siess     
    1.060000      3.7456     -0.0329      4.4797      3.7456  Siess     
    1.065000      3.7468     -0.0230      4.4764      3.7468  Siess     
    1.070000      3.7479     -0.0132      4.4732      3.7479  Siess     
    1.075000      3.7491     -0.0035      4.4700      3.7491  Siess     
    1.080000      3.7503      0.0063      4.4667      3.7503  Siess     
    1.085000      3.7514      0.0159      4.4636      3.7514  Siess     
    1.090000      3.7526      0.0256      4.4604      3.7526  Siess     
    1.095000      3.7537      0.0351      4.4572      3.7537  Siess     
    1.100000      3.7549      0.0447      4.4541      3.7549  Siess     
    1.105000      3.7561      0.0556      4.4502      3.7561  Siess     
    1.110000      3.7573      0.0664      4.4464      3.7573  Siess     
    1.115000      3.7585      0.0772      4.4425      3.7585  Siess     
    1.120000      3.7597      0.0880      4.4387      3.7597  Siess     
    1.125000      3.7610      0.0987      4.4349      3.7610  Siess     
    1.130000      3.7622      0.1093      4.4312      3.7622  Siess     
    1.135000      3.7634      0.1200      4.4274      3.7634  Siess     
    1.140000      3.7645      0.1305      4.4237      3.7645  Siess     
    1.145000      3.7657      0.1410      4.4199      3.7657  Siess     
    1.150000      3.7669      0.1515      4.4162      3.7669  Siess     
    1.155000      3.7681      0.1619      4.4125      3.7681  Siess     
    1.160000      3.7693      0.1723      4.4089      3.7693  Siess     
    1.165000      3.7704      0.1826      4.4052      3.7704  Siess     
    1.170000      3.7716      0.1929      4.4015      3.7716  Siess     
    1.175000      3.7727      0.2032      4.3979      3.7727  Siess     
    1.180000      3.7739      0.2134      4.3943      3.7739  Siess     
    1.185000      3.7750      0.2235      4.3907      3.7750  Siess     
    1.190000      3.7762      0.2337      4.3871      3.7762  Siess     
    1.195000      3.7773      0.2437      4.3836      3.7773  Siess     
    1.200000      3.7784      0.2538      4.3800      3.7784  Siess     
    1.205000      3.7795      0.2631      4.3764      3.7795  Siess     
    1.210000      3.7805      0.2725      4.3727      3.7805  Siess     
    1.215000      3.7816      0.2818      4.3691      3.7816  Siess     
    1.220000      3.7826      0.2911      4.3655      3.7826  Siess     
    1.225000      3.7836      0.3003      4.3620      3.7836  Siess     
    1.230000      3.7847      0.3095      4.3584      3.7847  Siess     
    1.235000      3.7857      0.3186      4.3549      3.7857  Siess     
    1.240000      3.7867      0.3277      4.3513      3.7867  Siess     
    1.245000      3.7877      0.3368      4.3478      3.7877  Siess     
    1.250000      3.7887      0.3458      4.3443      3.7887  Siess     
    1.255000      3.7897      0.3549      4.3408      3.7897  Siess     
    1.260000      3.7907      0.3638      4.3373      3.7907  Siess     
    1.265000      3.7917      0.3728      4.3339      3.7917  Siess     
    1.270000      3.7927      0.3816      4.3304      3.7927  Siess     
    1.275000      3.7937      0.3905      4.3270      3.7937  Siess     
    1.280000      3.7947      0.3993      4.3236      3.7947  Siess     
    1.285000      3.7957      0.4081      4.3201      3.7957  Siess     
    1.290000      3.7966      0.4169      4.3168      3.7966  Siess     
    1.295000      3.7976      0.4256      4.3134      3.7976  Siess     
    1.300000      3.7986      0.4343      4.3100      3.7986  Siess     
    1.305000      3.7995      0.4426      4.3069      3.7995  Siess     
    1.310000      3.8004      0.4509      4.3038      3.8004  Siess     
    1.315000      3.8013      0.4592      4.3007      3.8013  Siess     
    1.320000      3.8022      0.4674      4.2976      3.8022  Siess     
    1.325000      3.8031      0.4756      4.2946      3.8031  Siess     
    1.330000      3.8040      0.4838      4.2915      3.8040  Siess     
    1.335000      3.8049      0.4919      4.2885      3.8049  Siess     
    1.340000      3.8057      0.5001      4.2855      3.8057  Siess     
    1.345000      3.8066      0.5081      4.2824      3.8066  Siess     
    1.350000      3.8075      0.5162      4.2794      3.8075  Siess     
    1.355000      3.8084      0.5242      4.2765      3.8084  Siess     
    1.360000      3.8093      0.5322      4.2735      3.8093  Siess     
    1.365000      3.8101      0.5402      4.2705      3.8101  Siess     
    1.370000      3.8110      0.5481      4.2675      3.8110  Siess     
    1.375000      3.8118      0.5560      4.2646      3.8118  Siess     
    1.380000      3.8127      0.5639      4.2616      3.8127  Siess     
    1.385000      3.8136      0.5717      4.2587      3.8136  Siess     
    1.390000      3.8144      0.5795      4.2558      3.8144  Siess     
    1.395000      3.8153      0.5873      4.2529      3.8153  Siess     
    1.400000      3.8161      0.5951      4.2500      3.8161  Siess     
    1.405000      3.8169      0.6021      4.2477      3.8169  Siess     
    1.410000      3.8177      0.6092      4.2454      3.8177  Siess     
    1.415000      3.8185      0.6162      4.2432      3.8185  Siess     
    1.420000      3.8193      0.6232      4.2409      3.8193  Siess     
    1.425000      3.8201      0.6301      4.2387      3.8201  Siess     
    1.430000      3.8208      0.6371      4.2364      3.8208  Siess     
    1.435000      3.8216      0.6440      4.2342      3.8216  Siess     
    1.440000      3.8224      0.6509      4.2320      3.8224  Siess     
    1.445000      3.8232      0.6578      4.2297      3.8232  Siess     
    1.450000      3.8239      0.6646      4.2275      3.8239  Siess     
    1.455000      3.8247      0.6714      4.2253      3.8247  Siess     
    1.460000      3.8255      0.6782      4.2231      3.8255  Siess     
    1.465000      3.8262      0.6850      4.2209      3.8262  Siess     
    1.470000      3.8270      0.6917      4.2188      3.8270  Siess     
    1.475000      3.8278      0.6985      4.2166      3.8278  Siess     
    1.480000      3.8285      0.7052      4.2144      3.8285  Siess     
    1.485000      3.8293      0.7119      4.2123      3.8293  Siess     
    1.490000      3.8300      0.7185      4.2101      3.8300  Siess     
    1.495000      3.8308      0.7252      4.2080      3.8308  Siess     
    1.500000      3.8315      0.7318      4.2058      3.8315  Siess     
    1.505000      3.8322      0.7384      4.2030      3.8322  Siess     
    1.510000      3.8328      0.7451      4.2002      3.8328  Siess     
    1.515000      3.8334      0.7517      4.1974      3.8334  Siess     
    1.520000      3.8341      0.7583      4.1946      3.8341  Siess     
    1.525000      3.8347      0.7649      4.1918      3.8347  Siess     
    1.530000      3.8353      0.7715      4.1890      3.8353  Siess     
    1.535000      3.8359      0.7780      4.1863      3.8359  Siess     
    1.540000      3.8366      0.7845      4.1835      3.8366  Siess     
    1.545000      3.8372      0.7910      4.1808      3.8372  Siess     
    1.550000      3.8378      0.7975      4.1780      3.8378  Siess     
    1.555000      3.8384      0.8040      4.1753      3.8384  Siess     
    1.560000      3.8391      0.8104      4.1726      3.8391  Siess     
    1.565000      3.8397      0.8168      4.1698      3.8397  Siess     
    1.570000      3.8403      0.8232      4.1671      3.8403  Siess     
    1.575000      3.8409      0.8296      4.1644      3.8409  Siess     
    1.580000      3.8415      0.8360      4.1618      3.8415  Siess     
    1.585000      3.8421      0.8423      4.1591      3.8421  Siess     
    1.590000      3.8427      0.8486      4.1564      3.8427  Siess     
    1.595000      3.8433      0.8549      4.1537      3.8433  Siess     
    1.600000      3.8439      0.8612      4.1511      3.8439  Siess     
    1.605000      3.8443      0.8677      4.1475      3.8443  Siess     
    1.610000      3.8447      0.8742      4.1438      3.8447  Siess     
    1.615000      3.8451      0.8806      4.1402      3.8451  Siess     
    1.620000      3.8455      0.8871      4.1366      3.8455  Siess     
    1.625000      3.8459      0.8935      4.1331      3.8459  Siess     
    1.630000      3.8463      0.8999      4.1295      3.8463  Siess     
    1.635000      3.8467      0.9063      4.1259      3.8467  Siess     
    1.640000      3.8471      0.9126      4.1224      3.8471  Siess     
    1.645000      3.8475      0.9190      4.1188      3.8475  Siess     
    1.650000      3.8479      0.9253      4.1153      3.8479  Siess     
    1.655000      3.8483      0.9316      4.1118      3.8483  Siess     
    1.660000      3.8486      0.9379      4.1083      3.8486  Siess     
    1.665000      3.8490      0.9441      4.1048      3.8490  Siess     
    1.670000      3.8494      0.9504      4.1013      3.8494  Siess     
    1.675000      3.8498      0.9566      4.0978      3.8498  Siess     
    1.680000      3.8502      0.9628      4.0943      3.8502  Siess     
    1.685000      3.8506      0.9690      4.0909      3.8506  Siess     
    1.690000      3.8509      0.9752      4.0874      3.8509  Siess     
    1.695000      3.8513      0.9813      4.0840      3.8513  Siess     
    1.700000      3.8517      0.9875      4.0806      3.8517  Siess     
    1.705000      3.8517      0.9933      4.0763      3.8517  Siess     
    1.710000      3.8518      0.9992      4.0721      3.8518  Siess     
    1.715000      3.8518      1.0050      4.0679      3.8518  Siess     
    1.720000      3.8519      1.0107      4.0636      3.8519  Siess     
    1.725000      3.8519      1.0165      4.0594      3.8519  Siess     
    1.730000      3.8520      1.0223      4.0553      3.8520  Siess     
    1.735000      3.8520      1.0280      4.0511      3.8520  Siess     
    1.740000      3.8521      1.0337      4.0469      3.8521  Siess     
    1.745000      3.8521      1.0394      4.0428      3.8521  Siess     
    1.750000      3.8522      1.0451      4.0386      3.8522  Siess     
    1.755000      3.8522      1.0508      4.0345      3.8522  Siess     
    1.760000      3.8522      1.0565      4.0304      3.8522  Siess     
    1.765000      3.8523      1.0621      4.0263      3.8523  Siess     
    1.770000      3.8523      1.0677      4.0222      3.8523  Siess     
    1.775000      3.8524      1.0733      4.0181      3.8524  Siess     
    1.780000      3.8524      1.0789      4.0140      3.8524  Siess     
    1.785000      3.8525      1.0845      4.0099      3.8525  Siess     
    1.790000      3.8525      1.0901      4.0059      3.8525  Siess     
    1.795000      3.8525      1.0956      4.0019      3.8525  Siess     
    1.800000      3.8526      1.1012      3.9978      3.8526  Siess     
    1.805000      3.8521      1.1065      3.9915      3.8521  Siess     
    1.810000      3.8515      1.1119      3.9851      3.8515  Siess     
    1.815000      3.8510      1.1172      3.9788      3.8510  Siess     
    1.820000      3.8505      1.1226      3.9725      3.8505  Siess     
    1.825000      3.8500      1.1279      3.9663      3.8500  Siess     
    1.830000      3.8494      1.1332      3.9600      3.8494  Siess     
    1.835000      3.8489      1.1385      3.9537      3.8489  Siess     
    1.840000      3.8484      1.1438      3.9475      3.8484  Siess     
    1.845000      3.8479      1.1490      3.9413      3.8479  Siess     
    1.850000      3.8474      1.1543      3.9351      3.8474  Siess     
    1.855000      3.8468      1.1595      3.9289      3.8468  Siess     
    1.860000      3.8463      1.1647      3.9228      3.8463  Siess     
    1.865000      3.8458      1.1699      3.9166      3.8458  Siess     
    1.870000      3.8453      1.1751      3.9105      3.8453  Siess     
    1.875000      3.8448      1.1803      3.9044      3.8448  Siess     
    1.880000      3.8443      1.1854      3.8983      3.8443  Siess     
    1.885000      3.8438      1.1906      3.8922      3.8438  Siess     
    1.890000      3.8433      1.1957      3.8861      3.8433  Siess     
    1.895000      3.8428      1.2008      3.8801      3.8428  Siess     
    1.900000      3.8423      1.2060      3.8740      3.8423  Siess     
    1.905000      3.8443      1.2165      3.8728      3.8443  Siess     
    1.910000      3.8463      1.2271      3.8716      3.8463  Siess     
    1.915000      3.8483      1.2376      3.8703      3.8483  Siess     
    1.920000      3.8503      1.2481      3.8691      3.8503  Siess     
    1.925000      3.8523      1.2586      3.8679      3.8523  Siess     
    1.930000      3.8543      1.2690      3.8667      3.8543  Siess     
    1.935000      3.8563      1.2795      3.8655      3.8563  Siess     
    1.940000      3.8582      1.2899      3.8643      3.8582  Siess     
    1.945000      3.8602      1.3002      3.8631      3.8602  Siess     
    1.950000      3.8622      1.3106      3.8619      3.8622  Siess     
    1.955000      3.8642      1.3209      3.8607      3.8642  Siess     
    1.960000      3.8661      1.3312      3.8595      3.8661  Siess     
    1.965000      3.8681      1.3414      3.8583      3.8681  Siess     
    1.970000      3.8700      1.3517      3.8571      3.8700  Siess     
    1.975000      3.8720      1.3619      3.8559      3.8720  Siess     
    1.980000      3.8739      1.3720      3.8547      3.8739  Siess     
    1.985000      3.8758      1.3822      3.8535      3.8758  Siess     
    1.985000      3.8431      1.3637      3.6901      3.8431  Padova    
    1.990000      3.8414      1.3685      3.6796      3.8414  Padova    
    1.995000      3.8397      1.3733      3.6692      3.8397  Padova    
    2.000000      3.8380      1.3781      3.6588      3.8380  Padova    
    2.000000      3.8380      1.3781      3.6588      3.8380  Padova    
    2.005000      3.8364      1.3829      3.6486      3.8364  Padova    
    2.010000      3.8348      1.3878      3.6384      3.8348  Padova    
    2.015000      3.8332      1.3926      3.6283      3.8332  Padova    
    2.015541      3.8330      1.3931      3.6272      3.8330  Padova    
    2.020000      3.8316      1.3975      3.6182      3.8316  Padova    
    2.025000      3.8300      1.4024      3.6081      3.8300  Padova    
    2.030000      3.8284      1.4073      3.5981      3.8284  Padova    
    2.030327      3.8283      1.4076      3.5974      3.8283  Padova    
    2.035000      3.8271      1.4130      3.5881      3.8271  Padova    
    2.040000      3.8258      1.4187      3.5782      3.8258  Padova    
    2.044229      3.8247      1.4235      3.5699      3.8247  Padova    
    2.045000      3.8247      1.4247      3.5687      3.8247  Padova    
    2.050000      3.8244      1.4327      3.5606      3.8244  Padova    
    2.053665      3.8242      1.4385      3.5547      3.8242  Padova    
    2.055000      3.8247      1.4419      3.5537      3.8247  Padova    
    2.059663      3.8265      1.4536      3.5503      3.8265  Padova    
    2.060000      3.8270      1.4552      3.5509      3.8270  Padova    
    2.064456      3.8340      1.4761      3.5585      3.8340  Padova    
    2.065000      3.8372      1.4831      3.5643      3.8372  Padova    
    2.067667      3.8527      1.5174      3.5930      3.8527  Padova    
    2.068545      3.8701      1.5563      3.6236      3.8701  Padova    
    2.069011      3.8889      1.6058      3.6497      3.8889  Padova    
    2.069085      3.8857      1.5871      3.6555      3.8857  Padova    
    2.069185      3.8739      1.5471      3.6482      3.8739  Padova    
    2.069353      3.8567      1.5391      3.5876      3.8567  Padova    
    2.069594      3.8398      1.5529      3.5060      3.8398  Padova    
    2.069856      3.8260      1.5572      3.4469      3.8260  Padova    
    2.070000      3.8207      1.5557      3.4270      3.8207  Padova    
    2.070300      3.8096      1.5527      3.3858      3.8096  Padova    
    2.071074      3.7900      1.5347      3.3256      3.7900  Padova    
    2.071859      3.7749      1.5075      3.2923      3.7749  Padova    
    2.072729      3.7598      1.4649      3.2749      3.7598  Padova    
    2.073399      3.7484      1.4199      3.2745      3.7484  Padova    
    2.074074      3.7360      1.3650      3.2800      3.7360  Padova    
    2.074753      3.7253      1.3148      3.2874      3.7253  Padova    
    2.075000      3.7219      1.3079      3.2806      3.7219  Padova    
    2.075683      3.7124      1.2889      3.2619      3.7124  Padova    
    2.076924      3.7009      1.3370      3.1682      3.7009  Padova    
    2.078024      3.6946      1.4072      3.0729      3.6946  Padova    
    2.079036      3.6897      1.4788      2.9819      3.6897  Padova    
    2.079873      3.6858      1.5409      2.9043      3.6858  Padova    
    2.080000      3.6852      1.5507      2.8922      3.6852  Padova    
    2.080737      3.6818      1.6074      2.8220      3.6818  Padova    
    2.081652      3.6775      1.6790      2.7335      3.6775  Padova    
    2.082506      3.6734      1.7463      2.6500      3.6734  Padova    
    2.083229      3.6697      1.8045      2.5771      3.6697  Padova    
    2.083932      3.6662      1.8631      2.5047      3.6662  Padova    
    2.084668      3.6623      1.9258      2.4265      3.6623  Padova    
    2.085000      3.6606      1.9550      2.3904      3.6606  Padova    
    2.085339      3.6588      1.9849      2.3535      3.6588  Padova    
    2.086026      3.6548      2.0481      2.2745      3.6548  Padova    
    2.086624      3.6510      2.1060      2.2013      3.6510  Padova    
    2.087204      3.6470      2.1634      2.1282      3.6470  Padova    
    2.087806      3.6429      2.2237      2.0517      3.6429  Padova    
    2.088418      3.6389      2.2840      1.9753      3.6389  Padova    
    2.089151      3.6349      2.3412      1.9023      3.6349  Padova    
    2.089386      3.6341      2.3532      1.8872      3.6341  Padova    
    2.090000      3.6489      2.1400      2.1596      3.6489  Padova    
    2.090274      3.6555      2.0449      2.2812      3.6555  Padova    
    2.090605      3.6596      1.9843      2.3582      3.6596  Padova    
    2.090852      3.6629      1.9369      2.4190      3.6629  Padova    
    2.091099      3.6657      1.8950      2.4724      3.6657  Padova    
    2.091385      3.6685      1.8541      2.5244      3.6685  Padova    
    2.091747      3.6713      1.8113      2.5786      3.6713  Padova    
    2.092607      3.6753      1.7511      2.6549      3.6753  Padova    
    2.092636      3.6776      1.7174      2.6975      3.6776  Padova    
    2.092674      3.6795      1.6879      2.7346      3.6795  Padova    
    2.092742      3.6815      1.6582      2.7725      3.6815  Padova    
    2.092895      3.6845      1.6121      2.8308      3.6845  Padova    
    2.093289      3.6873      1.5661      2.8879      3.6873  Padova    
    2.094138      3.6896      1.5303      2.9332      3.6896  Padova    
    2.095000      3.6896      1.5313      2.9324      3.6896  Padova    
    2.100000      3.6897      1.5374      2.9278      3.6897  Padova    
    2.105000      3.6898      1.5434      2.9231      3.6898  Padova    
    2.110000      3.6899      1.5495      2.9185      3.6899  Padova    
    2.115000      3.6900      1.5555      2.9139      3.6900  Padova    
    2.120000      3.6901      1.5615      2.9093      3.6901  Padova    
    2.125000      3.6902      1.5675      2.9047      3.6902  Padova    
    2.130000      3.6903      1.5734      2.9001      3.6903  Padova    
    2.135000      3.6904      1.5794      2.8955      3.6904  Padova    
    2.140000      3.6905      1.5853      2.8910      3.6905  Padova    
    2.145000      3.6906      1.5913      2.8864      3.6906  Padova    
    2.145789      3.6906      1.5922      2.8857      3.6906  Padova    
    2.150000      3.6907      1.5970      2.8821      3.6907  Padova    
    2.155000      3.6908      1.6028      2.8778      3.6908  Padova    
    2.160000      3.6909      1.6085      2.8735      3.6909  Padova    
    2.165000      3.6910      1.6142      2.8692      3.6910  Padova    
    2.170000      3.6911      1.6199      2.8650      3.6911  Padova    
    2.170803      3.6911      1.6208      2.8643      3.6911  Padova    
    2.175000      3.6911      1.6264      2.8596      3.6911  Padova    
    2.180000      3.6911      1.6331      2.8540      3.6911  Padova    
    2.185000      3.6911      1.6398      2.8484      3.6911  Padova    
    2.190000      3.6912      1.6464      2.8428      3.6912  Padova    
    2.195000      3.6912      1.6531      2.8373      3.6912  Padova    
    2.200000      3.6912      1.6597      2.8317      3.6912  Padova    
    2.200000      3.6912      1.6597      2.8317      3.6912  Padova    
    2.205000      3.6912      1.6669      2.8254      3.6912  Padova    
    2.210000      3.6912      1.6742      2.8192      3.6912  Padova    
    2.215000      3.6912      1.6814      2.8129      3.6912  Padova    
    2.220000      3.6912      1.6886      2.8067      3.6912  Padova    
    2.225000      3.6912      1.6958      2.8004      3.6912  Padova    
    2.227045      3.6912      1.6987      2.7979      3.6912  Padova    
    2.230000      3.6911      1.7039      2.7927      3.6911  Padova    
    2.235000      3.6908      1.7127      2.7840      3.6908  Padova    
    2.240000      3.6906      1.7215      2.7752      3.6906  Padova    
    2.245000      3.6904      1.7302      2.7665      3.6904  Padova    
    2.250000      3.6901      1.7390      2.7578      3.6901  Padova    
    2.255000      3.6899      1.7477      2.7491      3.6899  Padova    
    2.260000      3.6897      1.7564      2.7405      3.6897  Padova    
    2.265000      3.6895      1.7651      2.7319      3.6895  Padova    
    2.270000      3.6892      1.7737      2.7232      3.6892  Padova    
    2.272810      3.6891      1.7786      2.7184      3.6891  Padova    
    2.275000      3.6885      1.7865      2.7085      3.6885  Padova    
    2.280000      3.6872      1.8046      2.6859      3.6872  Padova    
    2.285000      3.6858      1.8226      2.6634      3.6858  Padova    
    2.289822      3.6845      1.8400      2.6417      3.6845  Padova    
    2.290000      3.6844      1.8414      2.6399      3.6844  Padova    
    2.295000      3.6811      1.8801      2.5888      3.6811  Padova    
    2.297938      3.6791      1.9028      2.5588      3.6791  Padova    
    2.299333      3.6742      1.9586      2.4837      3.6742  Padova    
    2.299819      3.6696      2.0161      2.4079      3.6696  Padova    
    2.299986      3.6655      2.0692      2.3385      3.6655  Padova    
    2.300000      3.6648      2.0780      2.3271      3.6648  Padova    
    2.300058      3.6622      2.1138      2.2809      3.6622  Padova    
    2.300133      3.6581      2.1719      2.2061      3.6581  Padova    
    2.300215      3.6535      2.2348      2.1249      3.6535  Padova    
    2.303720      3.6492      2.2944      2.0488      3.6492  Padova    
    2.305000      3.6454      2.3475      1.9807      3.6454  Padova    
    2.305358      3.6443      2.3623      1.9617      3.6443  Padova    
    2.306267      3.6378      2.4462      1.8518      3.6378  Padova    
    2.306810      3.6324      2.5120      1.7646      3.6324  Padova    
    2.307279      3.6269      2.5840      1.6706      3.6269  Padova    
    2.307569      3.6217      2.6425      1.5914      3.6217  Padova    
    2.307830      3.6172      2.7057      1.5102      3.6172  Padova    
    2.308023      3.6130      2.7617      1.4376      3.6130  Padova    
    2.308194      3.6093      2.8221      1.3625      3.6093  Padova    
    2.308350      3.6038      2.8829      1.2797      3.6038  Padova    
    2.308499      3.5984      2.9456      1.1954      3.5984  Padova    
    2.308663      3.5923      3.0119      1.1046      3.5923  Padova    
    2.308819      3.5866      3.0755      1.0183      3.5866  Padova    
    2.308938      3.5823      3.1281      0.9483      3.5823  Padova    
    2.309154      3.5767      3.1947      0.8597      3.5767  Padova    
    2.309302      3.5711      3.2535      0.7783      3.5711  Padova    
    2.309369      3.5631      3.3236      0.6764      3.5631  Padova    
    2.309376      3.5611      3.3356      0.6561      3.5611  Padova    
    2.309377      3.5661      3.3356      0.6761      3.5661  Padova    
    2.309943      3.5545      3.4642      0.5015      3.5545  Padova    
    2.310000      3.5531      3.4785      0.4816      3.5531  Padova    
    2.310380      3.5439      3.5738      0.3494      3.5439  Padova    
    2.310829      3.5325      3.6861      0.1918      3.5325  Padova    
    2.311239      3.5222      3.7847      0.0518      3.5222  Padova    
    2.311659      3.5120      3.8750     -0.0792      3.5120  Padova    
    2.312040      3.5033      3.9448     -0.1838      3.5033  Padova    
    2.312186      3.4799      3.9682     -0.3009      3.4799  Padova    
    2.312649      3.4427      4.0259     -0.5170      3.4427  Padova    
    2.312686      3.4250      4.0302     -0.5964      3.4250  Padova    
    2.312758      3.4122      4.0388     -0.6693      3.4122  Padova    
    2.312826      3.3920      4.0475     -0.8139      3.3920  Padova    
    2.312859      3.4894      4.0530     -0.5319      3.4894  Padova    
    2.312880      3.5536      4.0529     -0.4296      3.5536  Padova    
    2.312890      3.7219      4.0595      0.0575      3.7219  Padova    
