    # M_init       log T       log L       log g    log T WR  Source    
    # (Msun)    (Kelvin)      (Lsun)          ()    (Kelvin)  ()        
    0.100000      3.4533     -2.9712      5.2577      3.4533  Siess     
    0.105000      3.4598     -2.9076      5.2474      3.4598  Siess     
    0.110000      3.4659     -2.8471      5.2375      3.4659  Siess     
    0.115000      3.4717     -2.7892      5.2281      3.4717  Siess     
    0.120000      3.4773     -2.7338      5.2191      3.4773  Siess     
    0.125000      3.4827     -2.6806      5.2104      3.4827  Siess     
    0.130000      3.4879     -2.6296      5.2021      3.4879  Siess     
    0.135000      3.4908     -2.5911      5.1935      3.4908  Siess     
    0.140000      3.4935     -2.5540      5.1852      3.4935  Siess     
    0.145000      3.4962     -2.5182      5.1773      3.4962  Siess     
    0.150000      3.4988     -2.4836      5.1696      3.4988  Siess     
    0.155000      3.5013     -2.4502      5.1621      3.5013  Siess     
    0.160000      3.5037     -2.4178      5.1549      3.5037  Siess     
    0.165000      3.5056     -2.3910      5.1479      3.5056  Siess     
    0.170000      3.5074     -2.3649      5.1412      3.5074  Siess     
    0.175000      3.5092     -2.3397      5.1346      3.5092  Siess     
    0.180000      3.5109     -2.3151      5.1283      3.5109  Siess     
    0.185000      3.5125     -2.2912      5.1221      3.5125  Siess     
    0.190000      3.5142     -2.2680      5.1160      3.5142  Siess     
    0.195000      3.5157     -2.2454      5.1101      3.5157  Siess     
    0.200000      3.5173     -2.2233      5.1044      3.5173  Siess     
    0.205000      3.5193     -2.2014      5.0995      3.5193  Siess     
    0.210000      3.5213     -2.1800      5.0947      3.5213  Siess     
    0.215000      3.5233     -2.1591      5.0900      3.5233  Siess     
    0.220000      3.5252     -2.1387      5.0854      3.5252  Siess     
    0.225000      3.5271     -2.1187      5.0810      3.5271  Siess     
    0.230000      3.5289     -2.0992      5.0766      3.5289  Siess     
    0.235000      3.5307     -2.0801      5.0723      3.5307  Siess     
    0.240000      3.5324     -2.0614      5.0681      3.5324  Siess     
    0.245000      3.5341     -2.0431      5.0640      3.5341  Siess     
    0.250000      3.5358     -2.0252      5.0600      3.5358  Siess     
    0.255000      3.5370     -2.0091      5.0567      3.5370  Siess     
    0.260000      3.5382     -1.9934      5.0535      3.5382  Siess     
    0.265000      3.5394     -1.9780      5.0504      3.5394  Siess     
    0.270000      3.5405     -1.9629      5.0473      3.5405  Siess     
    0.275000      3.5417     -1.9481      5.0443      3.5417  Siess     
    0.280000      3.5428     -1.9335      5.0414      3.5428  Siess     
    0.285000      3.5439     -1.9192      5.0384      3.5439  Siess     
    0.290000      3.5449     -1.9051      5.0356      3.5449  Siess     
    0.295000      3.5460     -1.8913      5.0328      3.5460  Siess     
    0.300000      3.5470     -1.8777      5.0300      3.5470  Siess     
    0.305000      3.5480     -1.8627      5.0258      3.5480  Siess     
    0.310000      3.5490     -1.8479      5.0218      3.5490  Siess     
    0.315000      3.5500     -1.8333      5.0177      3.5500  Siess     
    0.320000      3.5510     -1.8190      5.0138      3.5510  Siess     
    0.325000      3.5519     -1.8048      5.0099      3.5519  Siess     
    0.330000      3.5528     -1.7909      5.0061      3.5528  Siess     
    0.335000      3.5537     -1.7773      5.0023      3.5537  Siess     
    0.340000      3.5546     -1.7638      4.9986      3.5546  Siess     
    0.345000      3.5555     -1.7505      4.9949      3.5555  Siess     
    0.350000      3.5564     -1.7374      4.9913      3.5564  Siess     
    0.355000      3.5573     -1.7245      4.9877      3.5573  Siess     
    0.360000      3.5581     -1.7117      4.9842      3.5581  Siess     
    0.365000      3.5590     -1.6992      4.9807      3.5590  Siess     
    0.370000      3.5598     -1.6868      4.9773      3.5598  Siess     
    0.375000      3.5606     -1.6746      4.9740      3.5606  Siess     
    0.380000      3.5614     -1.6625      4.9706      3.5614  Siess     
    0.385000      3.5622     -1.6506      4.9673      3.5622  Siess     
    0.390000      3.5630     -1.6389      4.9641      3.5630  Siess     
    0.395000      3.5638     -1.6273      4.9609      3.5638  Siess     
    0.400000      3.5645     -1.6158      4.9577      3.5645  Siess     
    0.405000      3.5654     -1.6020      4.9540      3.5654  Siess     
    0.410000      3.5663     -1.5884      4.9502      3.5663  Siess     
    0.415000      3.5672     -1.5749      4.9466      3.5672  Siess     
    0.420000      3.5680     -1.5616      4.9429      3.5680  Siess     
    0.425000      3.5689     -1.5484      4.9393      3.5689  Siess     
    0.430000      3.5697     -1.5354      4.9358      3.5697  Siess     
    0.435000      3.5705     -1.5225      4.9323      3.5705  Siess     
    0.440000      3.5713     -1.5098      4.9288      3.5713  Siess     
    0.445000      3.5721     -1.4973      4.9254      3.5721  Siess     
    0.450000      3.5729     -1.4848      4.9220      3.5729  Siess     
    0.455000      3.5737     -1.4726      4.9186      3.5737  Siess     
    0.460000      3.5745     -1.4604      4.9153      3.5745  Siess     
    0.465000      3.5753     -1.4484      4.9120      3.5753  Siess     
    0.470000      3.5760     -1.4365      4.9088      3.5760  Siess     
    0.475000      3.5768     -1.4247      4.9056      3.5768  Siess     
    0.480000      3.5776     -1.4131      4.9024      3.5776  Siess     
    0.485000      3.5783     -1.4015      4.8992      3.5783  Siess     
    0.490000      3.5790     -1.3901      4.8961      3.5790  Siess     
    0.495000      3.5798     -1.3789      4.8931      3.5798  Siess     
    0.500000      3.5805     -1.3677      4.8900      3.5805  Siess     
    0.505000      3.5815     -1.3544      4.8856      3.5815  Siess     
    0.510000      3.5825     -1.3412      4.8813      3.5825  Siess     
    0.515000      3.5834     -1.3281      4.8770      3.5834  Siess     
    0.520000      3.5844     -1.3152      4.8728      3.5844  Siess     
    0.525000      3.5854     -1.3024      4.8686      3.5854  Siess     
    0.530000      3.5863     -1.2897      4.8644      3.5863  Siess     
    0.535000      3.5873     -1.2771      4.8603      3.5873  Siess     
    0.540000      3.5882     -1.2647      4.8562      3.5882  Siess     
    0.545000      3.5891     -1.2524      4.8522      3.5891  Siess     
    0.550000      3.5901     -1.2401      4.8482      3.5901  Siess     
    0.555000      3.5910     -1.2280      4.8442      3.5910  Siess     
    0.560000      3.5919     -1.2160      4.8403      3.5919  Siess     
    0.565000      3.5928     -1.2041      4.8364      3.5928  Siess     
    0.570000      3.5937     -1.1924      4.8325      3.5937  Siess     
    0.575000      3.5945     -1.1807      4.8287      3.5945  Siess     
    0.580000      3.5954     -1.1691      4.8249      3.5954  Siess     
    0.585000      3.5963     -1.1576      4.8211      3.5963  Siess     
    0.590000      3.5971     -1.1462      4.8174      3.5971  Siess     
    0.595000      3.5980     -1.1349      4.8137      3.5980  Siess     
    0.600000      3.5988     -1.1237      4.8100      3.5988  Siess     
    0.605000      3.6003     -1.1109      4.8052      3.6003  Siess     
    0.610000      3.6018     -1.0982      4.8003      3.6018  Siess     
    0.615000      3.6033     -1.0856      4.7956      3.6033  Siess     
    0.620000      3.6048     -1.0731      4.7909      3.6048  Siess     
    0.625000      3.6063     -1.0607      4.7862      3.6063  Siess     
    0.630000      3.6077     -1.0484      4.7815      3.6077  Siess     
    0.635000      3.6092     -1.0362      4.7769      3.6092  Siess     
    0.640000      3.6106     -1.0240      4.7723      3.6106  Siess     
    0.645000      3.6120     -1.0120      4.7678      3.6120  Siess     
    0.650000      3.6134     -1.0001      4.7633      3.6134  Siess     
    0.655000      3.6148     -0.9883      4.7588      3.6148  Siess     
    0.660000      3.6162     -0.9765      4.7544      3.6162  Siess     
    0.665000      3.6176     -0.9649      4.7499      3.6176  Siess     
    0.670000      3.6190     -0.9533      4.7456      3.6190  Siess     
    0.675000      3.6203     -0.9418      4.7412      3.6203  Siess     
    0.680000      3.6217     -0.9304      4.7369      3.6217  Siess     
    0.685000      3.6230     -0.9191      4.7326      3.6230  Siess     
    0.690000      3.6243     -0.9079      4.7284      3.6243  Siess     
    0.695000      3.6257     -0.8967      4.7242      3.6257  Siess     
    0.700000      3.6270     -0.8857      4.7200      3.6270  Siess     
    0.705000      3.6290     -0.8721      4.7157      3.6290  Siess     
    0.710000      3.6310     -0.8587      4.7115      3.6310  Siess     
    0.715000      3.6330     -0.8454      4.7073      3.6330  Siess     
    0.720000      3.6349     -0.8322      4.7031      3.6349  Siess     
    0.725000      3.6369     -0.8190      4.6990      3.6369  Siess     
    0.730000      3.6388     -0.8060      4.6949      3.6388  Siess     
    0.735000      3.6408     -0.7930      4.6908      3.6408  Siess     
    0.740000      3.6427     -0.7801      4.6867      3.6427  Siess     
    0.745000      3.6446     -0.7673      4.6827      3.6446  Siess     
    0.750000      3.6465     -0.7546      4.6787      3.6465  Siess     
    0.755000      3.6484     -0.7420      4.6747      3.6484  Siess     
    0.760000      3.6502     -0.7295      4.6707      3.6502  Siess     
    0.765000      3.6521     -0.7170      4.6668      3.6521  Siess     
    0.770000      3.6539     -0.7047      4.6629      3.6539  Siess     
    0.775000      3.6558     -0.6924      4.6590      3.6558  Siess     
    0.780000      3.6576     -0.6801      4.6552      3.6576  Siess     
    0.785000      3.6594     -0.6680      4.6513      3.6594  Siess     
    0.790000      3.6612     -0.6560      4.6475      3.6612  Siess     
    0.795000      3.6630     -0.6440      4.6438      3.6630  Siess     
    0.800000      3.6647     -0.6321      4.6400      3.6647  Siess     
    0.805000      3.6666     -0.6193      4.6368      3.6666  Siess     
    0.810000      3.6684     -0.6066      4.6337      3.6684  Siess     
    0.815000      3.6702     -0.5940      4.6305      3.6702  Siess     
    0.820000      3.6720     -0.5815      4.6274      3.6720  Siess     
    0.825000      3.6738     -0.5691      4.6243      3.6738  Siess     
    0.830000      3.6756     -0.5567      4.6212      3.6756  Siess     
    0.835000      3.6774     -0.5444      4.6182      3.6774  Siess     
    0.840000      3.6792     -0.5322      4.6151      3.6792  Siess     
    0.845000      3.6809     -0.5200      4.6121      3.6809  Siess     
    0.850000      3.6827     -0.5079      4.6091      3.6827  Siess     
    0.855000      3.6844     -0.4959      4.6061      3.6844  Siess     
    0.860000      3.6861     -0.4840      4.6032      3.6861  Siess     
    0.865000      3.6878     -0.4721      4.6002      3.6878  Siess     
    0.870000      3.6896     -0.4603      4.5973      3.6896  Siess     
    0.875000      3.6913     -0.4486      4.5944      3.6913  Siess     
    0.880000      3.6929     -0.4369      4.5914      3.6929  Siess     
    0.885000      3.6946     -0.4253      4.5886      3.6946  Siess     
    0.890000      3.6963     -0.4138      4.5857      3.6963  Siess     
    0.895000      3.6979     -0.4023      4.5828      3.6979  Siess     
    0.900000      3.6996     -0.3909      4.5800      3.6996  Siess     
    0.905000      3.7012     -0.3792      4.5774      3.7012  Siess     
    0.910000      3.7028     -0.3676      4.5748      3.7028  Siess     
    0.915000      3.7044     -0.3561      4.5722      3.7044  Siess     
    0.920000      3.7059     -0.3446      4.5696      3.7059  Siess     
    0.925000      3.7075     -0.3332      4.5670      3.7075  Siess     
    0.930000      3.7091     -0.3218      4.5644      3.7091  Siess     
    0.935000      3.7106     -0.3106      4.5619      3.7106  Siess     
    0.940000      3.7122     -0.2993      4.5594      3.7122  Siess     
    0.945000      3.7137     -0.2881      4.5568      3.7137  Siess     
    0.950000      3.7152     -0.2770      4.5543      3.7152  Siess     
    0.955000      3.7167     -0.2660      4.5519      3.7167  Siess     
    0.960000      3.7182     -0.2550      4.5494      3.7182  Siess     
    0.965000      3.7197     -0.2440      4.5469      3.7197  Siess     
    0.970000      3.7212     -0.2332      4.5445      3.7212  Siess     
    0.975000      3.7227     -0.2223      4.5420      3.7227  Siess     
    0.980000      3.7242     -0.2116      4.5396      3.7242  Siess     
    0.985000      3.7257     -0.2008      4.5372      3.7257  Siess     
    0.990000      3.7271     -0.1902      4.5348      3.7271  Siess     
    0.995000      3.7286     -0.1796      4.5324      3.7286  Siess     
    1.000000      3.7300     -0.1690      4.5300      3.7300  Siess     
    1.005000      3.7313     -0.1587      4.5269      3.7313  Siess     
    1.010000      3.7326     -0.1484      4.5237      3.7326  Siess     
    1.015000      3.7339     -0.1381      4.5206      3.7339  Siess     
    1.020000      3.7352     -0.1280      4.5175      3.7352  Siess     
    1.025000      3.7364     -0.1178      4.5145      3.7364  Siess     
    1.030000      3.7377     -0.1077      4.5114      3.7377  Siess     
    1.035000      3.7390     -0.0977      4.5083      3.7390  Siess     
    1.040000      3.7402     -0.0877      4.5053      3.7402  Siess     
    1.045000      3.7414     -0.0778      4.5023      3.7414  Siess     
    1.050000      3.7427     -0.0679      4.4993      3.7427  Siess     
    1.055000      3.7439     -0.0580      4.4963      3.7439  Siess     
    1.060000      3.7451     -0.0482      4.4933      3.7451  Siess     
    1.065000      3.7463     -0.0385      4.4904      3.7463  Siess     
    1.070000      3.7476     -0.0287      4.4874      3.7476  Siess     
    1.075000      3.7488     -0.0191      4.4845      3.7488  Siess     
    1.080000      3.7500     -0.0095      4.4816      3.7500  Siess     
    1.085000      3.7512      0.0001      4.4786      3.7512  Siess     
    1.090000      3.7524      0.0096      4.4757      3.7524  Siess     
    1.095000      3.7535      0.0191      4.4729      3.7535  Siess     
    1.100000      3.7547      0.0286      4.4700      3.7547  Siess     
    1.105000      3.7559      0.0388      4.4664      3.7559  Siess     
    1.110000      3.7570      0.0490      4.4627      3.7570  Siess     
    1.115000      3.7582      0.0591      4.4591      3.7582  Siess     
    1.120000      3.7593      0.0692      4.4555      3.7593  Siess     
    1.125000      3.7604      0.0792      4.4519      3.7604  Siess     
    1.130000      3.7616      0.0892      4.4484      3.7616  Siess     
    1.135000      3.7627      0.0992      4.4448      3.7627  Siess     
    1.140000      3.7638      0.1091      4.4413      3.7638  Siess     
    1.145000      3.7649      0.1190      4.4377      3.7649  Siess     
    1.150000      3.7660      0.1288      4.4342      3.7660  Siess     
    1.155000      3.7671      0.1386      4.4307      3.7671  Siess     
    1.160000      3.7682      0.1483      4.4273      3.7682  Siess     
    1.165000      3.7693      0.1580      4.4238      3.7693  Siess     
    1.170000      3.7704      0.1676      4.4204      3.7704  Siess     
    1.175000      3.7715      0.1773      4.4169      3.7715  Siess     
    1.180000      3.7726      0.1868      4.4135      3.7726  Siess     
    1.185000      3.7737      0.1964      4.4101      3.7737  Siess     
    1.190000      3.7747      0.2058      4.4067      3.7747  Siess     
    1.195000      3.7758      0.2153      4.4034      3.7758  Siess     
    1.200000      3.7769      0.2247      4.4000      3.7769  Siess     
    1.205000      3.7779      0.2337      4.3969      3.7779  Siess     
    1.210000      3.7790      0.2426      4.3938      3.7790  Siess     
    1.215000      3.7800      0.2516      4.3907      3.7800  Siess     
    1.220000      3.7811      0.2604      4.3876      3.7811  Siess     
    1.225000      3.7822      0.2693      4.3845      3.7822  Siess     
    1.230000      3.7832      0.2781      4.3815      3.7832  Siess     
    1.235000      3.7842      0.2869      4.3784      3.7842  Siess     
    1.240000      3.7853      0.2956      4.3754      3.7853  Siess     
    1.245000      3.7863      0.3043      4.3724      3.7863  Siess     
    1.250000      3.7873      0.3130      4.3694      3.7873  Siess     
    1.255000      3.7884      0.3216      4.3664      3.7884  Siess     
    1.260000      3.7894      0.3302      4.3634      3.7894  Siess     
    1.265000      3.7904      0.3388      4.3605      3.7904  Siess     
    1.270000      3.7914      0.3473      4.3575      3.7914  Siess     
    1.275000      3.7924      0.3558      4.3546      3.7924  Siess     
    1.280000      3.7934      0.3642      4.3516      3.7934  Siess     
    1.285000      3.7944      0.3727      4.3487      3.7944  Siess     
    1.290000      3.7954      0.3811      4.3458      3.7954  Siess     
    1.295000      3.7964      0.3894      4.3429      3.7964  Siess     
    1.300000      3.7974      0.3978      4.3400      3.7974  Siess     
    1.305000      3.7984      0.4058      4.3379      3.7984  Siess     
    1.310000      3.7994      0.4139      4.3359      3.7994  Siess     
    1.315000      3.8004      0.4219      4.3338      3.8004  Siess     
    1.320000      3.8014      0.4299      4.3318      3.8014  Siess     
    1.325000      3.8024      0.4378      4.3297      3.8024  Siess     
    1.330000      3.8034      0.4457      4.3277      3.8034  Siess     
    1.335000      3.8044      0.4536      4.3257      3.8044  Siess     
    1.340000      3.8054      0.4615      4.3236      3.8054  Siess     
    1.345000      3.8064      0.4693      4.3216      3.8064  Siess     
    1.350000      3.8073      0.4771      4.3196      3.8073  Siess     
    1.355000      3.8083      0.4849      4.3176      3.8083  Siess     
    1.360000      3.8093      0.4926      4.3156      3.8093  Siess     
    1.365000      3.8102      0.5003      4.3137      3.8102  Siess     
    1.370000      3.8112      0.5080      4.3117      3.8112  Siess     
    1.375000      3.8122      0.5157      4.3097      3.8122  Siess     
    1.380000      3.8131      0.5233      4.3078      3.8131  Siess     
    1.385000      3.8141      0.5309      4.3058      3.8141  Siess     
    1.390000      3.8150      0.5385      4.3039      3.8150  Siess     
    1.395000      3.8160      0.5460      4.3019      3.8160  Siess     
    1.400000      3.8169      0.5535      4.3000      3.8169  Siess     
    1.405000      3.8179      0.5605      4.2984      3.8179  Siess     
    1.410000      3.8190      0.5674      4.2969      3.8190  Siess     
    1.415000      3.8200      0.5743      4.2954      3.8200  Siess     
    1.420000      3.8210      0.5812      4.2938      3.8210  Siess     
    1.425000      3.8221      0.5881      4.2923      3.8221  Siess     
    1.430000      3.8231      0.5949      4.2908      3.8231  Siess     
    1.435000      3.8241      0.6017      4.2893      3.8241  Siess     
    1.440000      3.8251      0.6085      4.2878      3.8251  Siess     
    1.445000      3.8261      0.6152      4.2862      3.8261  Siess     
    1.450000      3.8271      0.6220      4.2847      3.8271  Siess     
    1.455000      3.8281      0.6287      4.2832      3.8281  Siess     
    1.460000      3.8291      0.6354      4.2818      3.8291  Siess     
    1.465000      3.8301      0.6421      4.2803      3.8301  Siess     
    1.470000      3.8311      0.6487      4.2788      3.8311  Siess     
    1.475000      3.8321      0.6553      4.2773      3.8321  Siess     
    1.480000      3.8331      0.6619      4.2758      3.8331  Siess     
    1.485000      3.8341      0.6685      4.2744      3.8341  Siess     
    1.490000      3.8351      0.6751      4.2729      3.8351  Siess     
    1.495000      3.8360      0.6816      4.2715      3.8360  Siess     
    1.500000      3.8370      0.6881      4.2700      3.8370  Siess     
    1.505000      3.8382      0.6946      4.2695      3.8382  Siess     
    1.510000      3.8394      0.7012      4.2690      3.8394  Siess     
    1.515000      3.8406      0.7077      4.2685      3.8406  Siess     
    1.520000      3.8418      0.7142      4.2679      3.8418  Siess     
    1.525000      3.8430      0.7206      4.2674      3.8430  Siess     
    1.530000      3.8441      0.7271      4.2669      3.8441  Siess     
    1.535000      3.8453      0.7335      4.2664      3.8453  Siess     
    1.540000      3.8465      0.7399      4.2659      3.8465  Siess     
    1.545000      3.8476      0.7463      4.2654      3.8476  Siess     
    1.550000      3.8488      0.7526      4.2649      3.8488  Siess     
    1.555000      3.8500      0.7590      4.2644      3.8500  Siess     
    1.560000      3.8511      0.7653      4.2639      3.8511  Siess     
    1.565000      3.8523      0.7716      4.2634      3.8523  Siess     
    1.570000      3.8534      0.7779      4.2629      3.8534  Siess     
    1.575000      3.8546      0.7841      4.2624      3.8546  Siess     
    1.580000      3.8557      0.7903      4.2619      3.8557  Siess     
    1.585000      3.8568      0.7966      4.2615      3.8568  Siess     
    1.590000      3.8580      0.8028      4.2610      3.8580  Siess     
    1.595000      3.8591      0.8089      4.2605      3.8591  Siess     
    1.600000      3.8602      0.8151      4.2600      3.8602  Siess     
    1.605000      3.8613      0.8213      4.2595      3.8613  Siess     
    1.610000      3.8625      0.8276      4.2590      3.8625  Siess     
    1.615000      3.8636      0.8338      4.2585      3.8636  Siess     
    1.620000      3.8647      0.8399      4.2580      3.8647  Siess     
    1.625000      3.8658      0.8461      4.2574      3.8658  Siess     
    1.630000      3.8669      0.8522      4.2569      3.8669  Siess     
    1.635000      3.8680      0.8584      4.2564      3.8680  Siess     
    1.640000      3.8690      0.8645      4.2559      3.8690  Siess     
    1.645000      3.8701      0.8705      4.2554      3.8701  Siess     
    1.650000      3.8712      0.8766      4.2549      3.8712  Siess     
    1.655000      3.8723      0.8827      4.2544      3.8723  Siess     
    1.660000      3.8734      0.8887      4.2539      3.8734  Siess     
    1.665000      3.8744      0.8947      4.2534      3.8744  Siess     
    1.670000      3.8755      0.9007      4.2529      3.8755  Siess     
    1.675000      3.8766      0.9067      4.2524      3.8766  Siess     
    1.680000      3.8776      0.9126      4.2520      3.8776  Siess     
    1.685000      3.8787      0.9186      4.2515      3.8787  Siess     
    1.690000      3.8798      0.9245      4.2510      3.8798  Siess     
    1.695000      3.8808      0.9304      4.2505      3.8808  Siess     
    1.700000      3.8819      0.9363      4.2500      3.8819  Siess     
    1.705000      3.8828      0.9418      4.2490      3.8828  Siess     
    1.710000      3.8836      0.9473      4.2479      3.8836  Siess     
    1.715000      3.8845      0.9528      4.2469      3.8845  Siess     
    1.720000      3.8854      0.9583      4.2459      3.8854  Siess     
    1.725000      3.8863      0.9638      4.2449      3.8863  Siess     
    1.730000      3.8872      0.9693      4.2439      3.8872  Siess     
    1.735000      3.8880      0.9747      4.2429      3.8880  Siess     
    1.740000      3.8889      0.9801      4.2419      3.8889  Siess     
    1.745000      3.8898      0.9855      4.2409      3.8898  Siess     
    1.750000      3.8906      0.9909      4.2399      3.8906  Siess     
    1.755000      3.8915      0.9963      4.2389      3.8915  Siess     
    1.760000      3.8923      1.0016      4.2379      3.8923  Siess     
    1.765000      3.8932      1.0070      4.2369      3.8932  Siess     
    1.770000      3.8940      1.0123      4.2359      3.8940  Siess     
    1.775000      3.8949      1.0176      4.2349      3.8949  Siess     
    1.780000      3.8957      1.0229      4.2339      3.8957  Siess     
    1.785000      3.8966      1.0282      4.2329      3.8966  Siess     
    1.790000      3.8974      1.0335      4.2319      3.8974  Siess     
    1.795000      3.8983      1.0388      4.2310      3.8983  Siess     
    1.800000      3.8991      1.0440      4.2300      3.8991  Siess     
    1.805000      3.8999      1.0492      4.2289      3.8999  Siess     
    1.810000      3.9006      1.0544      4.2278      3.9006  Siess     
    1.815000      3.9013      1.0596      4.2267      3.9013  Siess     
    1.820000      3.9021      1.0648      4.2257      3.9021  Siess     
    1.825000      3.9028      1.0700      4.2246      3.9028  Siess     
    1.830000      3.9035      1.0752      4.2235      3.9035  Siess     
    1.835000      3.9042      1.0803      4.2224      3.9042  Siess     
    1.840000      3.9050      1.0855      4.2214      3.9050  Siess     
    1.845000      3.9057      1.0906      4.2203      3.9057  Siess     
    1.850000      3.9064      1.0957      4.2192      3.9064  Siess     
    1.855000      3.9071      1.1008      4.2182      3.9071  Siess     
    1.860000      3.9078      1.1058      4.2171      3.9078  Siess     
    1.865000      3.9086      1.1109      4.2161      3.9086  Siess     
    1.870000      3.9093      1.1160      4.2150      3.9093  Siess     
    1.875000      3.9100      1.1210      4.2140      3.9100  Siess     
    1.880000      3.9107      1.1260      4.2129      3.9107  Siess     
    1.885000      3.9114      1.1310      4.2119      3.9114  Siess     
    1.890000      3.9121      1.1360      4.2109      3.9121  Siess     
    1.895000      3.9128      1.1410      4.2098      3.9128  Siess     
    1.900000      3.9135      1.1460      4.2088      3.9135  Siess     
    1.905000      3.9141      1.1510      4.2073      3.9141  Siess     
    1.910000      3.9147      1.1560      4.2058      3.9147  Siess     
    1.915000      3.9153      1.1609      4.2043      3.9153  Siess     
    1.920000      3.9159      1.1659      4.2028      3.9159  Siess     
    1.925000      3.9165      1.1709      4.2013      3.9165  Siess     
    1.930000      3.9171      1.1758      4.1998      3.9171  Siess     
    1.935000      3.9177      1.1807      4.1984      3.9177  Siess     
    1.940000      3.9183      1.1856      4.1969      3.9183  Siess     
    1.945000      3.9189      1.1905      4.1954      3.9189  Siess     
    1.950000      3.9195      1.1954      4.1939      3.9195  Siess     
    1.955000      3.9201      1.2003      4.1925      3.9201  Siess     
    1.960000      3.9207      1.2051      4.1910      3.9207  Siess     
    1.965000      3.9213      1.2100      4.1896      3.9213  Siess     
    1.970000      3.9218      1.2148      4.1881      3.9218  Siess     
    1.975000      3.9224      1.2197      4.1867      3.9224  Siess     
    1.980000      3.9230      1.2245      4.1852      3.9230  Siess     
    1.985000      3.9236      1.2293      4.1838      3.9236  Siess     
    1.990000      3.9242      1.2340      4.1824      3.9242  Siess     
    1.995000      3.9247      1.2388      4.1809      3.9247  Siess     
    2.000000      3.9253      1.2436      4.1795      3.9253  Siess     
    2.005000      3.9258      1.2485      4.1776      3.9258  Siess     
    2.010000      3.9264      1.2534      4.1758      3.9264  Siess     
    2.015000      3.9269      1.2582      4.1740      3.9269  Siess     
    2.020000      3.9274      1.2631      4.1721      3.9274  Siess     
    2.025000      3.9279      1.2679      4.1703      3.9279  Siess     
    2.030000      3.9284      1.2728      4.1685      3.9284  Siess     
    2.035000      3.9289      1.2776      4.1666      3.9289  Siess     
    2.040000      3.9295      1.2824      4.1648      3.9295  Siess     
    2.045000      3.9300      1.2872      4.1630      3.9300  Siess     
    2.050000      3.9305      1.2920      4.1612      3.9305  Siess     
    2.055000      3.9310      1.2967      4.1594      3.9310  Siess     
    2.060000      3.9315      1.3015      4.1576      3.9315  Siess     
    2.065000      3.9320      1.3063      4.1558      3.9320  Siess     
    2.070000      3.9325      1.3110      4.1540      3.9325  Siess     
    2.075000      3.9330      1.3157      4.1522      3.9330  Siess     
    2.080000      3.9335      1.3204      4.1504      3.9335  Siess     
    2.085000      3.9340      1.3251      4.1487      3.9340  Siess     
    2.090000      3.9345      1.3298      4.1469      3.9345  Siess     
    2.095000      3.9350      1.3345      4.1451      3.9350  Siess     
    2.100000      3.9355      1.3392      4.1433      3.9355  Siess     
    2.105000      3.9360      1.3438      4.1416      3.9360  Siess     
    2.110000      3.9365      1.3485      4.1398      3.9365  Siess     
    2.115000      3.9370      1.3531      4.1381      3.9370  Siess     
    2.120000      3.9375      1.3578      4.1363      3.9375  Siess     
    2.125000      3.9380      1.3624      4.1346      3.9380  Siess     
    2.130000      3.9385      1.3670      4.1328      3.9385  Siess     
    2.135000      3.9390      1.3716      4.1311      3.9390  Siess     
    2.140000      3.9395      1.3762      4.1294      3.9395  Siess     
    2.145000      3.9400      1.3807      4.1276      3.9400  Siess     
    2.150000      3.9404      1.3853      4.1259      3.9404  Siess     
    2.155000      3.9409      1.3898      4.1242      3.9409  Siess     
    2.160000      3.9414      1.3944      4.1225      3.9414  Siess     
    2.165000      3.9419      1.3989      4.1208      3.9419  Siess     
    2.170000      3.9424      1.4034      4.1190      3.9424  Siess     
    2.175000      3.9429      1.4079      4.1173      3.9429  Siess     
    2.180000      3.9433      1.4124      4.1156      3.9433  Siess     
    2.185000      3.9438      1.4169      4.1139      3.9438  Siess     
    2.190000      3.9443      1.4214      4.1123      3.9443  Siess     
    2.195000      3.9448      1.4259      4.1106      3.9448  Siess     
    2.200000      3.9453      1.4303      4.1089      3.9453  Siess     
    2.205000      3.9454      1.4349      4.1059      3.9454  Siess     
    2.210000      3.9456      1.4395      4.1030      3.9456  Siess     
    2.215000      3.9458      1.4441      4.1001      3.9458  Siess     
    2.220000      3.9459      1.4487      4.0971      3.9459  Siess     
    2.225000      3.9461      1.4533      4.0942      3.9461  Siess     
    2.230000      3.9463      1.4578      4.0913      3.9463  Siess     
    2.235000      3.9464      1.4624      4.0884      3.9464  Siess     
    2.240000      3.9466      1.4669      4.0855      3.9466  Siess     
    2.245000      3.9468      1.4714      4.0826      3.9468  Siess     
    2.250000      3.9469      1.4759      4.0797      3.9469  Siess     
    2.255000      3.9471      1.4804      4.0769      3.9471  Siess     
    2.260000      3.9473      1.4849      4.0740      3.9473  Siess     
    2.265000      3.9474      1.4894      4.0711      3.9474  Siess     
    2.270000      3.9476      1.4939      4.0683      3.9476  Siess     
    2.275000      3.9478      1.4983      4.0654      3.9478  Siess     
    2.280000      3.9479      1.5028      4.0626      3.9479  Siess     
    2.285000      3.9481      1.5072      4.0597      3.9481  Siess     
    2.290000      3.9483      1.5117      4.0569      3.9483  Siess     
    2.295000      3.9484      1.5161      4.0541      3.9484  Siess     
    2.300000      3.9486      1.5205      4.0513      3.9486  Siess     
    2.305000      3.9488      1.5249      4.0484      3.9488  Siess     
    2.310000      3.9489      1.5293      4.0456      3.9489  Siess     
    2.315000      3.9491      1.5337      4.0428      3.9491  Siess     
    2.320000      3.9492      1.5381      4.0400      3.9492  Siess     
    2.325000      3.9494      1.5424      4.0372      3.9494  Siess     
    2.330000      3.9496      1.5468      4.0345      3.9496  Siess     
    2.335000      3.9497      1.5511      4.0317      3.9497  Siess     
    2.340000      3.9499      1.5555      4.0289      3.9499  Siess     
    2.345000      3.9500      1.5598      4.0261      3.9500  Siess     
    2.350000      3.9502      1.5641      4.0234      3.9502  Siess     
    2.355000      3.9504      1.5684      4.0206      3.9504  Siess     
    2.360000      3.9505      1.5727      4.0179      3.9505  Siess     
    2.365000      3.9507      1.5770      4.0151      3.9507  Siess     
    2.370000      3.9508      1.5813      4.0124      3.9508  Siess     
    2.375000      3.9510      1.5856      4.0097      3.9510  Siess     
    2.380000      3.9512      1.5899      4.0069      3.9512  Siess     
    2.385000      3.9513      1.5941      4.0042      3.9513  Siess     
    2.390000      3.9515      1.5984      4.0015      3.9515  Siess     
    2.395000      3.9516      1.6026      3.9988      3.9516  Siess     
    2.400000      3.9518      1.6068      3.9961      3.9518  Siess     
    2.405000      3.9519      1.6111      3.9934      3.9519  Siess     
    2.410000      3.9521      1.6153      3.9907      3.9521  Siess     
    2.415000      3.9522      1.6195      3.9880      3.9522  Siess     
    2.420000      3.9524      1.6237      3.9853      3.9524  Siess     
    2.425000      3.9526      1.6278      3.9827      3.9526  Siess     
    2.430000      3.9527      1.6320      3.9800      3.9527  Siess     
    2.435000      3.9529      1.6362      3.9773      3.9529  Siess     
    2.440000      3.9530      1.6404      3.9747      3.9530  Siess     
    2.445000      3.9532      1.6445      3.9720      3.9532  Siess     
    2.450000      3.9533      1.6487      3.9694      3.9533  Siess     
    2.455000      3.9535      1.6528      3.9667      3.9535  Siess     
    2.460000      3.9536      1.6569      3.9641      3.9536  Siess     
    2.465000      3.9538      1.6610      3.9615      3.9538  Siess     
    2.470000      3.9539      1.6651      3.9588      3.9539  Siess     
    2.475000      3.9541      1.6692      3.9562      3.9541  Siess     
    2.480000      3.9542      1.6733      3.9536      3.9542  Siess     
    2.485000      3.9544      1.6774      3.9510      3.9544  Siess     
    2.490000      3.9545      1.6815      3.9484      3.9545  Siess     
    2.495000      3.9547      1.6856      3.9458      3.9547  Siess     
    2.500000      3.9548      1.6896      3.9432      3.9548  Siess     
    2.505000      3.9544      1.6938      3.9384      3.9544  Siess     
    2.510000      3.9540      1.6980      3.9336      3.9540  Siess     
    2.515000      3.9536      1.7021      3.9288      3.9536  Siess     
    2.520000      3.9532      1.7063      3.9241      3.9532  Siess     
    2.525000      3.9528      1.7104      3.9193      3.9528  Siess     
    2.530000      3.9524      1.7145      3.9146      3.9524  Siess     
    2.535000      3.9520      1.7187      3.9098      3.9520  Siess     
    2.540000      3.9516      1.7228      3.9051      3.9516  Siess     
    2.545000      3.9512      1.7269      3.9004      3.9512  Siess     
    2.550000      3.9508      1.7310      3.8957      3.9508  Siess     
    2.555000      3.9504      1.7351      3.8910      3.9504  Siess     
    2.560000      3.9500      1.7392      3.8863      3.9500  Siess     
    2.565000      3.9496      1.7432      3.8816      3.9496  Siess     
    2.570000      3.9492      1.7473      3.8769      3.9492  Siess     
    2.575000      3.9488      1.7514      3.8722      3.9488  Siess     
    2.580000      3.9484      1.7554      3.8676      3.9484  Siess     
    2.585000      3.9481      1.7595      3.8629      3.9481  Siess     
    2.590000      3.9477      1.7635      3.8583      3.9477  Siess     
    2.595000      3.9473      1.7675      3.8537      3.9473  Siess     
    2.600000      3.9469      1.7715      3.8491      3.9469  Siess     
    2.605000      3.9465      1.7755      3.8445      3.9465  Siess     
    2.610000      3.9461      1.7796      3.8398      3.9461  Siess     
    2.615000      3.9457      1.7836      3.8353      3.9457  Siess     
    2.620000      3.9453      1.7875      3.8307      3.9453  Siess     
    2.625000      3.9449      1.7915      3.8261      3.9449  Siess     
    2.630000      3.9446      1.7955      3.8215      3.9446  Siess     
    2.635000      3.9442      1.7995      3.8170      3.9442  Siess     
    2.640000      3.9438      1.8034      3.8124      3.9438  Siess     
    2.645000      3.9434      1.8074      3.8079      3.9434  Siess     
    2.650000      3.9430      1.8113      3.8034      3.9430  Siess     
    2.655000      3.9426      1.8153      3.7988      3.9426  Siess     
    2.660000      3.9423      1.8192      3.7943      3.9423  Siess     
    2.665000      3.9419      1.8231      3.7898      3.9419  Siess     
    2.670000      3.9415      1.8270      3.7853      3.9415  Siess     
    2.675000      3.9411      1.8309      3.7808      3.9411  Siess     
    2.680000      3.9407      1.8348      3.7763      3.9407  Siess     
    2.685000      3.9404      1.8387      3.7719      3.9404  Siess     
    2.690000      3.9400      1.8426      3.7674      3.9400  Siess     
    2.695000      3.9396      1.8465      3.7629      3.9396  Siess     
    2.700000      3.9392      1.8504      3.7585      3.9392  Siess     
    2.705000      3.9401      1.8557      3.7575      3.9401  Siess     
    2.710000      3.9410      1.8610      3.7564      3.9410  Siess     
    2.715000      3.9419      1.8664      3.7554      3.9419  Siess     
    2.720000      3.9428      1.8717      3.7544      3.9428  Siess     
    2.725000      3.9437      1.8770      3.7534      3.9437  Siess     
    2.730000      3.9446      1.8823      3.7524      3.9446  Siess     
    2.735000      3.9455      1.8876      3.7513      3.9455  Siess     
    2.740000      3.9463      1.8929      3.7503      3.9463  Siess     
    2.745000      3.9472      1.8982      3.7493      3.9472  Siess     
    2.750000      3.9481      1.9034      3.7483      3.9481  Siess     
    2.755000      3.9490      1.9087      3.7473      3.9490  Siess     
    2.760000      3.9499      1.9139      3.7463      3.9499  Siess     
    2.765000      3.9507      1.9192      3.7453      3.9507  Siess     
    2.770000      3.9516      1.9244      3.7443      3.9516  Siess     
    2.775000      3.9525      1.9296      3.7433      3.9525  Siess     
    2.775000      3.9553      1.9651      3.6830      3.9553  Padova    
    2.780000      3.9545      1.9691      3.6770      3.9545  Padova    
    2.785000      3.9538      1.9731      3.6709      3.9538  Padova    
    2.788740      3.9533      1.9761      3.6664      3.9533  Padova    
    2.790000      3.9530      1.9771      3.6645      3.9530  Padova    
    2.795000      3.9520      1.9812      3.6572      3.9520  Padova    
    2.800000      3.9510      1.9853      3.6498      3.9510  Padova    
    2.805000      3.9500      1.9894      3.6425      3.9500  Padova    
    2.810000      3.9490      1.9934      3.6351      3.9490  Padova    
    2.815000      3.9480      1.9975      3.6278      3.9480  Padova    
    2.820000      3.9470      2.0015      3.6205      3.9470  Padova    
    2.825000      3.9460      2.0056      3.6132      3.9460  Padova    
    2.830000      3.9449      2.0096      3.6059      3.9449  Padova    
    2.835000      3.9439      2.0136      3.5987      3.9439  Padova    
    2.837191      3.9435      2.0154      3.5955      3.9435  Padova    
    2.840000      3.9429      2.0178      3.5910      3.9429  Padova    
    2.845000      3.9418      2.0220      3.5831      3.9418  Padova    
    2.850000      3.9406      2.0262      3.5752      3.9406  Padova    
    2.855000      3.9395      2.0304      3.5673      3.9395  Padova    
    2.859235      3.9386      2.0340      3.5606      3.9386  Padova    
    2.860000      3.9385      2.0347      3.5594      3.9385  Padova    
    2.865000      3.9375      2.0395      3.5517      3.9375  Padova    
    2.870000      3.9366      2.0442      3.5441      3.9366  Padova    
    2.875000      3.9357      2.0489      3.5364      3.9357  Padova    
    2.879859      3.9348      2.0535      3.5290      3.9348  Padova    
    2.880000      3.9348      2.0537      3.5288      3.9348  Padova    
    2.885000      3.9346      2.0597      3.5229      3.9346  Padova    
    2.890000      3.9344      2.0656      3.5169      3.9344  Padova    
    2.892733      3.9343      2.0689      3.5137      3.9343  Padova    
    2.895000      3.9351      2.0728      3.5132      3.9351  Padova    
    2.900000      3.9367      2.0814      3.5120      3.9367  Padova    
    2.902305      3.9375      2.0853      3.5115      3.9375  Padova    
    2.905000      3.9408      2.0932      3.5171      3.9408  Padova    
    2.909092      3.9458      2.1053      3.5256      3.9458  Padova    
    2.910000      3.9495      2.1125      3.5333      3.9495  Padova    
    2.913632      3.9642      2.1413      3.5640      3.9642  Padova    
    2.914885      3.9811      2.1750      3.5982      3.9811  Padova    
    2.915000      3.9842      2.1819      3.6036      3.9842  Padova    
    2.915556      3.9990      2.2153      3.6295      3.9990  Padova    
    2.915645      3.9966      2.2016      3.6335      3.9966  Padova    
    2.915853      3.9791      2.1545      3.6108      3.9791  Padova    
    2.916117      3.9600      2.1560      3.5327      3.9600  Padova    
    2.916498      3.9396      2.1742      3.4330      3.9396  Padova    
    2.917024      3.9161      2.1811      3.3324      3.9161  Padova    
    2.917372      3.9020      2.1787      3.2784      3.9020  Padova    
    2.917789      3.8853      2.1730      3.2175      3.8853  Padova    
    2.918272      3.8657      2.1631      3.1487      3.8657  Padova    
    2.918626      3.8505      2.1532      3.0979      3.8505  Padova    
    2.918997      3.8336      2.1404      3.0432      3.8336  Padova    
    2.919579      3.8049      2.1140      2.9548      3.8049  Padova    
    2.920000      3.7840      2.0865      2.8989      3.7840  Padova    
    2.920178      3.7751      2.0748      2.8752      3.7751  Padova    
    2.920578      3.7582      2.0391      2.8432      3.7582  Padova    
    2.920977      3.7434      1.9935      2.8294      3.7434  Padova    
    2.921372      3.7298      1.9402      2.8286      3.7298  Padova    
    2.921964      3.7120      1.8702      2.8273      3.7120  Padova    
    2.922161      3.7072      1.8640      2.8143      3.7072  Padova    
    2.922800      3.6935      1.9074      2.7163      3.6935  Padova    
    2.923298      3.6865      1.9701      2.6257      3.6865  Padova    
    2.923904      3.6801      2.0387      2.5314      3.6801  Padova    
    2.924590      3.6742      2.1058      2.4409      3.6742  Padova    
    2.925000      3.6709      2.1460      2.3880      3.6709  Padova    
    2.925144      3.6698      2.1601      2.3694      3.6698  Padova    
    2.925809      3.6650      2.2256      2.2844      3.6650  Padova    
    2.926488      3.6604      2.2929      2.1992      3.6604  Padova    
    2.927014      3.6572      2.3429      2.1362      3.6572  Padova    
    2.927572      3.6534      2.3978      2.0662      3.6534  Padova    
    2.928111      3.6489      2.4527      1.9937      3.6489  Padova    
    2.928586      3.6448      2.5027      1.9271      3.6448  Padova    
    2.929052      3.6412      2.5530      1.8626      3.6412  Padova    
    2.929509      3.6381      2.6029      1.8003      3.6381  Padova    
    2.929951      3.6352      2.6426      1.7491      3.6352  Padova    
    2.930000      3.6349      2.6464      1.7441      3.6349  Padova    
    2.930165      3.6339      2.6593      1.7271      3.6339  Padova    
    2.930722      3.6363      2.6294      1.7667      3.6363  Padova    
    2.931419      3.6390      2.5928      1.8145      3.6390  Padova    
    2.932264      3.6424      2.5499      1.8708      3.6424  Padova    
    2.933187      3.6460      2.5010      1.9342      3.6460  Padova    
    2.934223      3.6507      2.4404      2.0137      3.6507  Padova    
    2.935000      3.6547      2.3895      2.0810      3.6547  Padova    
    2.935246      3.6560      2.3733      2.1023      3.6560  Padova    
    2.936361      3.6615      2.2981      2.1995      3.6615  Padova    
    2.937520      3.6668      2.2243      2.2947      3.6668  Padova    
    2.938896      3.6723      2.1529      2.3883      3.6723  Padova    
    2.940000      3.6758      2.1096      2.4460      3.6758  Padova    
    2.940621      3.6778      2.0853      2.4785      3.6778  Padova    
    2.943233      3.6836      2.0205      2.5667      3.6836  Padova    
    2.945000      3.6860      1.9977      2.5993      3.6860  Padova    
    2.946833      3.6885      1.9741      2.6332      3.6885  Padova    
    2.950000      3.6910      1.9592      2.6588      3.6910  Padova    
    2.953930      3.6942      1.9407      2.6905      3.6942  Padova    
    2.955000      3.6942      1.9419      2.6894      3.6942  Padova    
    2.960000      3.6942      1.9475      2.6844      3.6942  Padova    
    2.965000      3.6941      1.9531      2.6795      3.6941  Padova    
    2.970000      3.6941      1.9587      2.6745      3.6941  Padova    
    2.975000      3.6941      1.9643      2.6695      3.6941  Padova    
    2.980000      3.6940      1.9698      2.6646      3.6940  Padova    
    2.985000      3.6940      1.9754      2.6596      3.6940  Padova    
    2.990000      3.6940      1.9809      2.6547      3.6940  Padova    
    2.995000      3.6939      1.9865      2.6497      3.6939  Padova    
    3.000000      3.6939      1.9920      2.6448      3.6939  Padova    
    3.000000      3.6939      1.9920      2.6448      3.6939  Padova    
    3.005000      3.6939      1.9984      2.6389      3.6939  Padova    
    3.010000      3.6938      2.0048      2.6331      3.6938  Padova    
    3.015000      3.6938      2.0111      2.6272      3.6938  Padova    
    3.020000      3.6937      2.0175      2.6214      3.6937  Padova    
    3.025000      3.6937      2.0239      2.6155      3.6937  Padova    
    3.030000      3.6936      2.0302      2.6097      3.6936  Padova    
    3.035000      3.6936      2.0365      2.6039      3.6936  Padova    
    3.040000      3.6936      2.0428      2.5981      3.6936  Padova    
    3.045000      3.6935      2.0492      2.5923      3.6935  Padova    
    3.047259      3.6935      2.0520      2.5897      3.6935  Padova    
    3.050000      3.6935      2.0557      2.5866      3.6935  Padova    
    3.055000      3.6936      2.0623      2.5808      3.6936  Padova    
    3.059497      3.6936      2.0683      2.5757      3.6936  Padova    
    3.060000      3.6936      2.0689      2.5750      3.6936  Padova    
    3.065000      3.6933      2.0752      2.5683      3.6933  Padova    
    3.070000      3.6930      2.0815      2.5616      3.6930  Padova    
    3.075000      3.6927      2.0878      2.5550      3.6927  Padova    
    3.080000      3.6924      2.0940      2.5483      3.6924  Padova    
    3.085000      3.6922      2.1003      2.5416      3.6922  Padova    
    3.090000      3.6919      2.1065      2.5350      3.6919  Padova    
    3.095000      3.6916      2.1127      2.5283      3.6916  Padova    
    3.100000      3.6913      2.1189      2.5217      3.6913  Padova    
    3.105000      3.6911      2.1251      2.5151      3.6911  Padova    
    3.110000      3.6908      2.1313      2.5085      3.6908  Padova    
    3.115000      3.6905      2.1375      2.5019      3.6905  Padova    
    3.120000      3.6902      2.1437      2.4953      3.6902  Padova    
    3.125000      3.6900      2.1498      2.4888      3.6900  Padova    
    3.130000      3.6897      2.1560      2.4822      3.6897  Padova    
    3.135000      3.6894      2.1621      2.4756      3.6894  Padova    
    3.140000      3.6891      2.1683      2.4691      3.6891  Padova    
    3.142300      3.6890      2.1711      2.4661      3.6890  Padova    
    3.145000      3.6883      2.1762      2.4586      3.6883  Padova    
    3.150000      3.6870      2.1856      2.4448      3.6870  Padova    
    3.155000      3.6858      2.1950      2.4309      3.6858  Padova    
    3.160000      3.6845      2.2044      2.4171      3.6845  Padova    
    3.165000      3.6832      2.2138      2.4033      3.6832  Padova    
    3.170000      3.6819      2.2231      2.3896      3.6819  Padova    
    3.175000      3.6807      2.2324      2.3758      3.6807  Padova    
    3.179964      3.6794      2.2417      2.3622      3.6794  Padova    
    3.180000      3.6794      2.2421      2.3617      3.6794  Padova    
    3.185000      3.6732      2.2925      2.2873      3.6732  Padova    
    3.185414      3.6727      2.2967      2.2812      3.6727  Padova    
    3.186239      3.6677      2.3465      2.2115      3.6677  Padova    
    3.186480      3.6633      2.3962      2.1444      3.6633  Padova    
    3.186615      3.6585      2.4528      2.0687      3.6585  Padova    
    3.186731      3.6542      2.5050      1.9992      3.6542  Padova    
    3.186906      3.6492      2.5641      1.9199      3.6492  Padova    
    3.187799      3.6518      2.5342      1.9605      3.6518  Padova    
    3.190000      3.6462      2.5999      1.8728      3.6462  Padova    
    3.190850      3.6440      2.6252      1.8389      3.6440  Padova    
    3.191926      3.6384      2.7007      1.7410      3.6384  Padova    
    3.193014      3.6316      2.7868      1.6279      3.6316  Padova    
    3.193741      3.6271      2.8531      1.5435      3.6271  Padova    
    3.194415      3.6211      2.9259      1.4467      3.6211  Padova    
    3.194885      3.6162      2.9848      1.3685      3.6162  Padova    
    3.195000      3.6149      3.0010      1.3472      3.6149  Padova    
    3.195400      3.6104      3.0576      1.2727      3.6104  Padova    
    3.195837      3.6046      3.1277      1.1792      3.6046  Padova    
    3.196204      3.5992      3.1922      1.0931      3.5992  Padova    
    3.196621      3.5922      3.2685      0.9891      3.5922  Padova    
    3.196972      3.5851      3.3445      0.8846      3.5851  Padova    
    3.197139      3.5802      3.3973      0.8123      3.5802  Padova    
    3.197277      3.5758      3.4463      0.7457      3.5758  Padova    
    3.197398      3.5717      3.4906      0.6849      3.5717  Padova    
    3.197510      3.5669      3.5332      0.6232      3.5669  Padova    
    3.197623      3.5625      3.5805      0.5583      3.5625  Padova    
    3.197759      3.5563      3.6396      0.4745      3.5563  Padova    
    3.197948      3.5481      3.7167      0.3645      3.5481  Padova    
    3.198018      3.5434      3.7621      0.3005      3.5434  Padova    
    3.198049      3.5396      3.7977      0.2496      3.5396  Padova    
    3.198050      3.5451      3.7977      0.2716      3.5451  Padova    
    3.198252      3.5367      3.8996      0.1362      3.5367  Padova    
    3.198617      3.5247      4.0101     -0.0222      3.5247  Padova    
    3.199236      3.5145      4.0964     -0.1495      3.5145  Padova    
    3.200000      3.5072      4.1505     -0.2325      3.5072  Padova    
    3.200073      3.5065      4.1556     -0.2404      3.5065  Padova    
    3.200899      3.4987      4.1836     -0.2998      3.4987  Padova    
    3.201253      3.4959      4.1897     -0.3172      3.4959  Padova    
    3.202712      3.4859      4.2072     -0.3770      3.4859  Padova    
    3.204048      3.4752      4.2114     -0.4342      3.4752  Padova    
    3.204243      3.4727      4.2068     -0.4497      3.4727  Padova    
    3.204339      3.4711      4.2035     -0.4604      3.4711  Padova    
    3.204434      3.4692      4.1997     -0.4734      3.4692  Padova    
    3.204528      3.4670      4.1953     -0.4891      3.4670  Padova    
    3.204620      3.4645      4.1903     -0.5084      3.4645  Padova    
    3.204710      3.4612      4.1847     -0.5334      3.4612  Padova    
    3.204798      3.4568      4.1779     -0.5687      3.4568  Padova    
    3.204883      3.4506      4.1698     -0.6208      3.4506  Padova    
    3.204965      3.4383      4.1561     -0.7312      3.4383  Padova    
    3.205000      3.4326      4.1464     -0.8453      3.4326  Padova    
    3.205028      3.4282      4.1388     -0.9349      3.4282  Padova    
    3.205042      3.4627      4.1353     -0.9171      3.4627  Padova    
    3.205114      3.8035      4.1263      0.3410      3.8035  Padova    
