    # M_init       log T       log L       log g    log T WR  Source    
    # (Msun)    (Kelvin)      (Lsun)          ()    (Kelvin)  ()        
    0.100000      3.4662     -2.7797      5.1336      3.4662  Siess     
    0.105000      3.4709     -2.7342      5.1316      3.4709  Siess     
    0.110000      3.4754     -2.6909      5.1296      3.4754  Siess     
    0.115000      3.4797     -2.6495      5.1278      3.4797  Siess     
    0.120000      3.4838     -2.6098      5.1260      3.4838  Siess     
    0.125000      3.4878     -2.5718      5.1243      3.4878  Siess     
    0.130000      3.4915     -2.5352      5.1226      3.4915  Siess     
    0.135000      3.4941     -2.5034      5.1186      3.4941  Siess     
    0.140000      3.4965     -2.4727      5.1147      3.4965  Siess     
    0.145000      3.4988     -2.4432      5.1110      3.4988  Siess     
    0.150000      3.5011     -2.4146      5.1073      3.5011  Siess     
    0.155000      3.5033     -2.3869      5.1038      3.5033  Siess     
    0.160000      3.5054     -2.3602      5.1004      3.5054  Siess     
    0.165000      3.5072     -2.3363      5.0965      3.5072  Siess     
    0.170000      3.5089     -2.3132      5.0927      3.5089  Siess     
    0.175000      3.5105     -2.2908      5.0891      3.5105  Siess     
    0.180000      3.5122     -2.2690      5.0855      3.5122  Siess     
    0.185000      3.5137     -2.2478      5.0820      3.5137  Siess     
    0.190000      3.5153     -2.2271      5.0787      3.5153  Siess     
    0.195000      3.5167     -2.2070      5.0754      3.5167  Siess     
    0.200000      3.5182     -2.1874      5.0722      3.5182  Siess     
    0.205000      3.5202     -2.1674      5.0692      3.5202  Siess     
    0.210000      3.5221     -2.1478      5.0662      3.5221  Siess     
    0.215000      3.5240     -2.1286      5.0633      3.5240  Siess     
    0.220000      3.5258     -2.1100      5.0605      3.5258  Siess     
    0.225000      3.5276     -2.0917      5.0578      3.5276  Siess     
    0.230000      3.5293     -2.0738      5.0551      3.5293  Siess     
    0.235000      3.5311     -2.0563      5.0525      3.5311  Siess     
    0.240000      3.5327     -2.0392      5.0499      3.5327  Siess     
    0.245000      3.5344     -2.0225      5.0474      3.5344  Siess     
    0.250000      3.5360     -2.0061      5.0449      3.5360  Siess     
    0.255000      3.5372     -1.9906      5.0413      3.5372  Siess     
    0.260000      3.5384     -1.9754      5.0378      3.5384  Siess     
    0.265000      3.5396     -1.9605      5.0344      3.5396  Siess     
    0.270000      3.5407     -1.9459      5.0310      3.5407  Siess     
    0.275000      3.5418     -1.9316      5.0277      3.5418  Siess     
    0.280000      3.5429     -1.9175      5.0244      3.5429  Siess     
    0.285000      3.5440     -1.9037      5.0212      3.5440  Siess     
    0.290000      3.5451     -1.8901      5.0180      3.5451  Siess     
    0.295000      3.5461     -1.8768      5.0149      3.5461  Siess     
    0.300000      3.5471     -1.8636      5.0119      3.5471  Siess     
    0.305000      3.5482     -1.8496      5.0095      3.5482  Siess     
    0.310000      3.5492     -1.8358      5.0071      3.5492  Siess     
    0.315000      3.5503     -1.8223      5.0048      3.5503  Siess     
    0.320000      3.5513     -1.8089      5.0025      3.5513  Siess     
    0.325000      3.5523     -1.7958      5.0002      3.5523  Siess     
    0.330000      3.5532     -1.7829      4.9980      3.5532  Siess     
    0.335000      3.5542     -1.7701      4.9958      3.5542  Siess     
    0.340000      3.5552     -1.7576      4.9937      3.5552  Siess     
    0.345000      3.5561     -1.7452      4.9915      3.5561  Siess     
    0.350000      3.5570     -1.7330      4.9894      3.5570  Siess     
    0.355000      3.5579     -1.7210      4.9874      3.5579  Siess     
    0.360000      3.5588     -1.7091      4.9853      3.5588  Siess     
    0.365000      3.5597     -1.6975      4.9833      3.5597  Siess     
    0.370000      3.5606     -1.6859      4.9814      3.5606  Siess     
    0.375000      3.5614     -1.6746      4.9794      3.5614  Siess     
    0.380000      3.5623     -1.6633      4.9775      3.5623  Siess     
    0.385000      3.5631     -1.6523      4.9756      3.5631  Siess     
    0.390000      3.5639     -1.6413      4.9737      3.5639  Siess     
    0.395000      3.5648     -1.6305      4.9718      3.5648  Siess     
    0.400000      3.5656     -1.6199      4.9700      3.5656  Siess     
    0.405000      3.5664     -1.6060      4.9661      3.5664  Siess     
    0.410000      3.5673     -1.5924      4.9623      3.5673  Siess     
    0.415000      3.5682     -1.5789      4.9585      3.5682  Siess     
    0.420000      3.5690     -1.5655      4.9547      3.5690  Siess     
    0.425000      3.5698     -1.5523      4.9510      3.5698  Siess     
    0.430000      3.5707     -1.5393      4.9473      3.5707  Siess     
    0.435000      3.5715     -1.5264      4.9437      3.5715  Siess     
    0.440000      3.5723     -1.5137      4.9401      3.5723  Siess     
    0.445000      3.5731     -1.5011      4.9366      3.5731  Siess     
    0.450000      3.5739     -1.4887      4.9331      3.5739  Siess     
    0.455000      3.5746     -1.4764      4.9296      3.5746  Siess     
    0.460000      3.5754     -1.4642      4.9262      3.5754  Siess     
    0.465000      3.5762     -1.4521      4.9228      3.5762  Siess     
    0.470000      3.5769     -1.4402      4.9194      3.5769  Siess     
    0.475000      3.5777     -1.4284      4.9161      3.5777  Siess     
    0.480000      3.5784     -1.4168      4.9128      3.5784  Siess     
    0.485000      3.5791     -1.4052      4.9096      3.5791  Siess     
    0.490000      3.5798     -1.3938      4.9063      3.5798  Siess     
    0.495000      3.5806     -1.3825      4.9032      3.5806  Siess     
    0.500000      3.5813     -1.3713      4.9000      3.5813  Siess     
    0.505000      3.5823     -1.3579      4.8956      3.5823  Siess     
    0.510000      3.5832     -1.3447      4.8913      3.5832  Siess     
    0.515000      3.5842     -1.3316      4.8870      3.5842  Siess     
    0.520000      3.5852     -1.3186      4.8828      3.5852  Siess     
    0.525000      3.5861     -1.3058      4.8786      3.5861  Siess     
    0.530000      3.5871     -1.2930      4.8744      3.5871  Siess     
    0.535000      3.5880     -1.2804      4.8703      3.5880  Siess     
    0.540000      3.5889     -1.2679      4.8662      3.5889  Siess     
    0.545000      3.5899     -1.2556      4.8622      3.5899  Siess     
    0.550000      3.5908     -1.2433      4.8582      3.5908  Siess     
    0.555000      3.5917     -1.2311      4.8542      3.5917  Siess     
    0.560000      3.5926     -1.2191      4.8503      3.5926  Siess     
    0.565000      3.5935     -1.2072      4.8464      3.5935  Siess     
    0.570000      3.5943     -1.1953      4.8425      3.5943  Siess     
    0.575000      3.5952     -1.1836      4.8387      3.5952  Siess     
    0.580000      3.5961     -1.1720      4.8349      3.5961  Siess     
    0.585000      3.5969     -1.1604      4.8311      3.5969  Siess     
    0.590000      3.5978     -1.1490      4.8274      3.5978  Siess     
    0.595000      3.5986     -1.1377      4.8237      3.5986  Siess     
    0.600000      3.5995     -1.1264      4.8200      3.5995  Siess     
    0.605000      3.6010     -1.1135      4.8146      3.6010  Siess     
    0.610000      3.6025     -1.1008      4.8093      3.6025  Siess     
    0.615000      3.6040     -1.0881      4.8040      3.6040  Siess     
    0.620000      3.6055     -1.0755      4.7987      3.6055  Siess     
    0.625000      3.6070     -1.0631      4.7935      3.6070  Siess     
    0.630000      3.6084     -1.0507      4.7883      3.6084  Siess     
    0.635000      3.6099     -1.0384      4.7832      3.6099  Siess     
    0.640000      3.6113     -1.0262      4.7781      3.6113  Siess     
    0.645000      3.6127     -1.0141      4.7731      3.6127  Siess     
    0.650000      3.6142     -1.0022      4.7681      3.6142  Siess     
    0.655000      3.6156     -0.9903      4.7631      3.6156  Siess     
    0.660000      3.6170     -0.9785      4.7582      3.6170  Siess     
    0.665000      3.6183     -0.9667      4.7533      3.6183  Siess     
    0.670000      3.6197     -0.9551      4.7484      3.6197  Siess     
    0.675000      3.6211     -0.9436      4.7436      3.6211  Siess     
    0.680000      3.6224     -0.9321      4.7388      3.6224  Siess     
    0.685000      3.6238     -0.9207      4.7341      3.6238  Siess     
    0.690000      3.6251     -0.9094      4.7293      3.6251  Siess     
    0.695000      3.6264     -0.8982      4.7247      3.6264  Siess     
    0.700000      3.6278     -0.8871      4.7200      3.6278  Siess     
    0.705000      3.6297     -0.8736      4.7157      3.6297  Siess     
    0.710000      3.6317     -0.8603      4.7115      3.6317  Siess     
    0.715000      3.6337     -0.8470      4.7073      3.6337  Siess     
    0.720000      3.6356     -0.8338      4.7031      3.6356  Siess     
    0.725000      3.6376     -0.8207      4.6990      3.6376  Siess     
    0.730000      3.6395     -0.8077      4.6949      3.6395  Siess     
    0.735000      3.6414     -0.7948      4.6908      3.6414  Siess     
    0.740000      3.6433     -0.7820      4.6867      3.6433  Siess     
    0.745000      3.6452     -0.7693      4.6827      3.6452  Siess     
    0.750000      3.6470     -0.7566      4.6787      3.6470  Siess     
    0.755000      3.6489     -0.7440      4.6747      3.6489  Siess     
    0.760000      3.6507     -0.7315      4.6707      3.6507  Siess     
    0.765000      3.6526     -0.7191      4.6668      3.6526  Siess     
    0.770000      3.6544     -0.7068      4.6629      3.6544  Siess     
    0.775000      3.6562     -0.6946      4.6590      3.6562  Siess     
    0.780000      3.6580     -0.6824      4.6552      3.6580  Siess     
    0.785000      3.6598     -0.6703      4.6513      3.6598  Siess     
    0.790000      3.6616     -0.6583      4.6475      3.6616  Siess     
    0.795000      3.6633     -0.6464      4.6438      3.6633  Siess     
    0.800000      3.6651     -0.6345      4.6400      3.6651  Siess     
    0.805000      3.6669     -0.6219      4.6374      3.6669  Siess     
    0.810000      3.6687     -0.6093      4.6347      3.6687  Siess     
    0.815000      3.6705     -0.5968      4.6321      3.6705  Siess     
    0.820000      3.6723     -0.5844      4.6295      3.6723  Siess     
    0.825000      3.6740     -0.5720      4.6269      3.6740  Siess     
    0.830000      3.6758     -0.5597      4.6244      3.6758  Siess     
    0.835000      3.6776     -0.5475      4.6218      3.6776  Siess     
    0.840000      3.6793     -0.5354      4.6193      3.6793  Siess     
    0.845000      3.6810     -0.5233      4.6168      3.6810  Siess     
    0.850000      3.6827     -0.5114      4.6143      3.6827  Siess     
    0.855000      3.6845     -0.4994      4.6118      3.6845  Siess     
    0.860000      3.6862     -0.4876      4.6093      3.6862  Siess     
    0.865000      3.6878     -0.4758      4.6068      3.6878  Siess     
    0.870000      3.6895     -0.4641      4.6044      3.6895  Siess     
    0.875000      3.6912     -0.4525      4.6020      3.6912  Siess     
    0.880000      3.6929     -0.4409      4.5995      3.6929  Siess     
    0.885000      3.6945     -0.4294      4.5971      3.6945  Siess     
    0.890000      3.6961     -0.4179      4.5947      3.6961  Siess     
    0.895000      3.6978     -0.4066      4.5924      3.6978  Siess     
    0.900000      3.6994     -0.3952      4.5900      3.6994  Siess     
    0.905000      3.7010     -0.3836      4.5868      3.7010  Siess     
    0.910000      3.7026     -0.3721      4.5837      3.7026  Siess     
    0.915000      3.7041     -0.3606      4.5806      3.7041  Siess     
    0.920000      3.7057     -0.3492      4.5775      3.7057  Siess     
    0.925000      3.7072     -0.3379      4.5744      3.7072  Siess     
    0.930000      3.7088     -0.3266      4.5713      3.7088  Siess     
    0.935000      3.7103     -0.3154      4.5683      3.7103  Siess     
    0.940000      3.7118     -0.3042      4.5652      3.7118  Siess     
    0.945000      3.7134     -0.2931      4.5622      3.7134  Siess     
    0.950000      3.7149     -0.2821      4.5592      3.7149  Siess     
    0.955000      3.7164     -0.2711      4.5562      3.7164  Siess     
    0.960000      3.7179     -0.2601      4.5532      3.7179  Siess     
    0.965000      3.7193     -0.2493      4.5503      3.7193  Siess     
    0.970000      3.7208     -0.2384      4.5473      3.7208  Siess     
    0.975000      3.7223     -0.2277      4.5444      3.7223  Siess     
    0.980000      3.7237     -0.2170      4.5415      3.7237  Siess     
    0.985000      3.7252     -0.2063      4.5386      3.7252  Siess     
    0.990000      3.7267     -0.1957      4.5357      3.7267  Siess     
    0.995000      3.7281     -0.1852      4.5329      3.7281  Siess     
    1.000000      3.7295     -0.1747      4.5300      3.7295  Siess     
    1.005000      3.7308     -0.1644      4.5269      3.7308  Siess     
    1.010000      3.7321     -0.1542      4.5237      3.7321  Siess     
    1.015000      3.7334     -0.1440      4.5206      3.7334  Siess     
    1.020000      3.7347     -0.1338      4.5175      3.7347  Siess     
    1.025000      3.7359     -0.1238      4.5145      3.7359  Siess     
    1.030000      3.7372     -0.1137      4.5114      3.7372  Siess     
    1.035000      3.7385     -0.1037      4.5083      3.7385  Siess     
    1.040000      3.7397     -0.0938      4.5053      3.7397  Siess     
    1.045000      3.7410     -0.0839      4.5023      3.7410  Siess     
    1.050000      3.7422     -0.0741      4.4993      3.7422  Siess     
    1.055000      3.7435     -0.0643      4.4963      3.7435  Siess     
    1.060000      3.7447     -0.0545      4.4933      3.7447  Siess     
    1.065000      3.7459     -0.0448      4.4904      3.7459  Siess     
    1.070000      3.7471     -0.0352      4.4874      3.7471  Siess     
    1.075000      3.7483     -0.0256      4.4845      3.7483  Siess     
    1.080000      3.7495     -0.0160      4.4816      3.7495  Siess     
    1.085000      3.7507     -0.0065      4.4786      3.7507  Siess     
    1.090000      3.7519      0.0030      4.4757      3.7519  Siess     
    1.095000      3.7531      0.0124      4.4729      3.7531  Siess     
    1.100000      3.7543      0.0218      4.4700      3.7543  Siess     
    1.105000      3.7555      0.0320      4.4669      3.7555  Siess     
    1.110000      3.7567      0.0420      4.4638      3.7567  Siess     
    1.115000      3.7579      0.0521      4.4607      3.7579  Siess     
    1.120000      3.7590      0.0621      4.4576      3.7590  Siess     
    1.125000      3.7602      0.0721      4.4545      3.7602  Siess     
    1.130000      3.7614      0.0820      4.4514      3.7614  Siess     
    1.135000      3.7625      0.0919      4.4484      3.7625  Siess     
    1.140000      3.7637      0.1017      4.4454      3.7637  Siess     
    1.145000      3.7648      0.1115      4.4424      3.7648  Siess     
    1.150000      3.7660      0.1212      4.4393      3.7660  Siess     
    1.155000      3.7671      0.1309      4.4364      3.7671  Siess     
    1.160000      3.7682      0.1406      4.4334      3.7682  Siess     
    1.165000      3.7694      0.1502      4.4304      3.7694  Siess     
    1.170000      3.7705      0.1598      4.4275      3.7705  Siess     
    1.175000      3.7716      0.1693      4.4245      3.7716  Siess     
    1.180000      3.7727      0.1788      4.4216      3.7727  Siess     
    1.185000      3.7738      0.1883      4.4187      3.7738  Siess     
    1.190000      3.7749      0.1977      4.4158      3.7749  Siess     
    1.195000      3.7760      0.2071      4.4129      3.7760  Siess     
    1.200000      3.7771      0.2164      4.4100      3.7771  Siess     
    1.205000      3.7782      0.2253      4.4069      3.7782  Siess     
    1.210000      3.7792      0.2342      4.4038      3.7792  Siess     
    1.215000      3.7802      0.2430      4.4007      3.7802  Siess     
    1.220000      3.7813      0.2518      4.3976      3.7813  Siess     
    1.225000      3.7823      0.2605      4.3945      3.7823  Siess     
    1.230000      3.7833      0.2692      4.3915      3.7833  Siess     
    1.235000      3.7843      0.2779      4.3884      3.7843  Siess     
    1.240000      3.7853      0.2865      4.3854      3.7853  Siess     
    1.245000      3.7863      0.2951      4.3824      3.7863  Siess     
    1.250000      3.7873      0.3037      4.3794      3.7873  Siess     
    1.255000      3.7883      0.3123      4.3764      3.7883  Siess     
    1.260000      3.7893      0.3208      4.3734      3.7893  Siess     
    1.265000      3.7903      0.3292      4.3705      3.7903  Siess     
    1.270000      3.7913      0.3377      4.3675      3.7913  Siess     
    1.275000      3.7922      0.3461      4.3646      3.7922  Siess     
    1.280000      3.7932      0.3544      4.3616      3.7932  Siess     
    1.285000      3.7942      0.3628      4.3587      3.7942  Siess     
    1.290000      3.7952      0.3711      4.3558      3.7952  Siess     
    1.295000      3.7961      0.3794      4.3529      3.7961  Siess     
    1.300000      3.7971      0.3876      4.3500      3.7971  Siess     
    1.305000      3.7981      0.3955      4.3479      3.7981  Siess     
    1.310000      3.7991      0.4034      4.3459      3.7991  Siess     
    1.315000      3.8001      0.4112      4.3438      3.8001  Siess     
    1.320000      3.8011      0.4191      4.3418      3.8011  Siess     
    1.325000      3.8021      0.4268      4.3397      3.8021  Siess     
    1.330000      3.8031      0.4346      4.3377      3.8031  Siess     
    1.335000      3.8041      0.4423      4.3357      3.8041  Siess     
    1.340000      3.8051      0.4500      4.3336      3.8051  Siess     
    1.345000      3.8061      0.4577      4.3316      3.8061  Siess     
    1.350000      3.8071      0.4653      4.3296      3.8071  Siess     
    1.355000      3.8081      0.4730      4.3276      3.8081  Siess     
    1.360000      3.8090      0.4805      4.3256      3.8090  Siess     
    1.365000      3.8100      0.4881      4.3237      3.8100  Siess     
    1.370000      3.8110      0.4956      4.3217      3.8110  Siess     
    1.375000      3.8119      0.5031      4.3197      3.8119  Siess     
    1.380000      3.8129      0.5106      4.3178      3.8129  Siess     
    1.385000      3.8139      0.5181      4.3158      3.8139  Siess     
    1.390000      3.8148      0.5255      4.3139      3.8148  Siess     
    1.395000      3.8158      0.5329      4.3119      3.8158  Siess     
    1.400000      3.8167      0.5403      4.3100      3.8167  Siess     
    1.405000      3.8178      0.5471      4.3090      3.8178  Siess     
    1.410000      3.8188      0.5539      4.3079      3.8188  Siess     
    1.415000      3.8199      0.5606      4.3069      3.8199  Siess     
    1.420000      3.8209      0.5673      4.3059      3.8209  Siess     
    1.425000      3.8220      0.5741      4.3049      3.8220  Siess     
    1.430000      3.8230      0.5807      4.3039      3.8230  Siess     
    1.435000      3.8240      0.5874      4.3028      3.8240  Siess     
    1.440000      3.8251      0.5941      4.3018      3.8251  Siess     
    1.445000      3.8261      0.6007      4.3008      3.8261  Siess     
    1.450000      3.8271      0.6073      4.2998      3.8271  Siess     
    1.455000      3.8282      0.6138      4.2988      3.8282  Siess     
    1.460000      3.8292      0.6204      4.2978      3.8292  Siess     
    1.465000      3.8302      0.6269      4.2968      3.8302  Siess     
    1.470000      3.8312      0.6334      4.2959      3.8312  Siess     
    1.475000      3.8322      0.6399      4.2949      3.8322  Siess     
    1.480000      3.8332      0.6464      4.2939      3.8332  Siess     
    1.485000      3.8342      0.6528      4.2929      3.8342  Siess     
    1.490000      3.8352      0.6592      4.2919      3.8352  Siess     
    1.495000      3.8362      0.6656      4.2910      3.8362  Siess     
    1.500000      3.8372      0.6720      4.2900      3.8372  Siess     
    1.505000      3.8385      0.6785      4.2900      3.8385  Siess     
    1.510000      3.8398      0.6850      4.2900      3.8398  Siess     
    1.515000      3.8411      0.6914      4.2900      3.8411  Siess     
    1.520000      3.8424      0.6978      4.2900      3.8424  Siess     
    1.525000      3.8437      0.7042      4.2900      3.8437  Siess     
    1.530000      3.8449      0.7106      4.2900      3.8449  Siess     
    1.535000      3.8462      0.7170      4.2900      3.8462  Siess     
    1.540000      3.8475      0.7233      4.2900      3.8475  Siess     
    1.545000      3.8487      0.7297      4.2900      3.8487  Siess     
    1.550000      3.8500      0.7360      4.2900      3.8500  Siess     
    1.555000      3.8513      0.7422      4.2900      3.8513  Siess     
    1.560000      3.8525      0.7485      4.2900      3.8525  Siess     
    1.565000      3.8538      0.7547      4.2900      3.8538  Siess     
    1.570000      3.8550      0.7610      4.2900      3.8550  Siess     
    1.575000      3.8562      0.7672      4.2900      3.8562  Siess     
    1.580000      3.8575      0.7733      4.2900      3.8575  Siess     
    1.585000      3.8587      0.7795      4.2900      3.8587  Siess     
    1.590000      3.8599      0.7857      4.2900      3.8599  Siess     
    1.595000      3.8612      0.7918      4.2900      3.8612  Siess     
    1.600000      3.8624      0.7979      4.2900      3.8624  Siess     
    1.605000      3.8636      0.8040      4.2898      3.8636  Siess     
    1.610000      3.8648      0.8102      4.2895      3.8648  Siess     
    1.615000      3.8661      0.8163      4.2893      3.8661  Siess     
    1.620000      3.8673      0.8224      4.2890      3.8673  Siess     
    1.625000      3.8685      0.8285      4.2888      3.8685  Siess     
    1.630000      3.8697      0.8345      4.2886      3.8697  Siess     
    1.635000      3.8709      0.8406      4.2883      3.8709  Siess     
    1.640000      3.8721      0.8466      4.2881      3.8721  Siess     
    1.645000      3.8733      0.8526      4.2878      3.8733  Siess     
    1.650000      3.8745      0.8586      4.2876      3.8745  Siess     
    1.655000      3.8757      0.8645      4.2874      3.8757  Siess     
    1.660000      3.8768      0.8705      4.2871      3.8768  Siess     
    1.665000      3.8780      0.8764      4.2869      3.8780  Siess     
    1.670000      3.8792      0.8823      4.2867      3.8792  Siess     
    1.675000      3.8804      0.8882      4.2864      3.8804  Siess     
    1.680000      3.8815      0.8941      4.2862      3.8815  Siess     
    1.685000      3.8827      0.9000      4.2860      3.8827  Siess     
    1.690000      3.8839      0.9058      4.2858      3.8839  Siess     
    1.695000      3.8850      0.9116      4.2855      3.8850  Siess     
    1.700000      3.8862      0.9174      4.2853      3.8862  Siess     
    1.705000      3.8873      0.9229      4.2852      3.8873  Siess     
    1.710000      3.8883      0.9283      4.2851      3.8883  Siess     
    1.715000      3.8894      0.9337      4.2849      3.8894  Siess     
    1.720000      3.8905      0.9391      4.2848      3.8905  Siess     
    1.725000      3.8915      0.9444      4.2847      3.8915  Siess     
    1.730000      3.8926      0.9498      4.2846      3.8926  Siess     
    1.735000      3.8937      0.9551      4.2844      3.8937  Siess     
    1.740000      3.8947      0.9605      4.2843      3.8947  Siess     
    1.745000      3.8958      0.9658      4.2842      3.8958  Siess     
    1.750000      3.8968      0.9710      4.2841      3.8968  Siess     
    1.755000      3.8979      0.9763      4.2840      3.8979  Siess     
    1.760000      3.8989      0.9816      4.2838      3.8989  Siess     
    1.765000      3.9000      0.9868      4.2837      3.9000  Siess     
    1.770000      3.9010      0.9921      4.2836      3.9010  Siess     
    1.775000      3.9020      0.9973      4.2835      3.9020  Siess     
    1.780000      3.9031      1.0025      4.2834      3.9031  Siess     
    1.785000      3.9041      1.0077      4.2832      3.9041  Siess     
    1.790000      3.9051      1.0128      4.2831      3.9051  Siess     
    1.795000      3.9062      1.0180      4.2830      3.9062  Siess     
    1.800000      3.9072      1.0231      4.2829      3.9072  Siess     
    1.805000      3.9081      1.0282      4.2827      3.9081  Siess     
    1.810000      3.9090      1.0333      4.2826      3.9090  Siess     
    1.815000      3.9099      1.0383      4.2824      3.9099  Siess     
    1.820000      3.9108      1.0434      4.2823      3.9108  Siess     
    1.825000      3.9117      1.0484      4.2821      3.9117  Siess     
    1.830000      3.9126      1.0534      4.2820      3.9126  Siess     
    1.835000      3.9135      1.0584      4.2819      3.9135  Siess     
    1.840000      3.9144      1.0634      4.2817      3.9144  Siess     
    1.845000      3.9153      1.0683      4.2816      3.9153  Siess     
    1.850000      3.9161      1.0733      4.2814      3.9161  Siess     
    1.855000      3.9170      1.0782      4.2813      3.9170  Siess     
    1.860000      3.9179      1.0831      4.2811      3.9179  Siess     
    1.865000      3.9188      1.0881      4.2810      3.9188  Siess     
    1.870000      3.9197      1.0930      4.2808      3.9197  Siess     
    1.875000      3.9205      1.0978      4.2807      3.9205  Siess     
    1.880000      3.9214      1.1027      4.2806      3.9214  Siess     
    1.885000      3.9223      1.1076      4.2804      3.9223  Siess     
    1.890000      3.9231      1.1124      4.2803      3.9231  Siess     
    1.895000      3.9240      1.1173      4.2801      3.9240  Siess     
    1.900000      3.9249      1.1221      4.2800      3.9249  Siess     
    1.905000      3.9257      1.1269      4.2795      3.9257  Siess     
    1.910000      3.9265      1.1317      4.2789      3.9265  Siess     
    1.915000      3.9273      1.1364      4.2784      3.9273  Siess     
    1.920000      3.9281      1.1412      4.2779      3.9281  Siess     
    1.925000      3.9289      1.1459      4.2773      3.9289  Siess     
    1.930000      3.9297      1.1506      4.2768      3.9297  Siess     
    1.935000      3.9305      1.1553      4.2763      3.9305  Siess     
    1.940000      3.9313      1.1600      4.2757      3.9313  Siess     
    1.945000      3.9321      1.1647      4.2752      3.9321  Siess     
    1.950000      3.9328      1.1694      4.2747      3.9328  Siess     
    1.955000      3.9336      1.1741      4.2742      3.9336  Siess     
    1.960000      3.9344      1.1787      4.2736      3.9344  Siess     
    1.965000      3.9352      1.1834      4.2731      3.9352  Siess     
    1.970000      3.9360      1.1880      4.2726      3.9360  Siess     
    1.975000      3.9368      1.1926      4.2721      3.9368  Siess     
    1.980000      3.9375      1.1972      4.2715      3.9375  Siess     
    1.985000      3.9383      1.2018      4.2710      3.9383  Siess     
    1.990000      3.9391      1.2064      4.2705      3.9391  Siess     
    1.995000      3.9398      1.2110      4.2700      3.9398  Siess     
    2.000000      3.9406      1.2155      4.2695      3.9406  Siess     
    2.005000      3.9413      1.2201      4.2686      3.9413  Siess     
    2.010000      3.9420      1.2247      4.2678      3.9420  Siess     
    2.015000      3.9426      1.2292      4.2670      3.9426  Siess     
    2.020000      3.9433      1.2338      4.2661      3.9433  Siess     
    2.025000      3.9440      1.2383      4.2653      3.9440  Siess     
    2.030000      3.9446      1.2428      4.2644      3.9446  Siess     
    2.035000      3.9453      1.2474      4.2636      3.9453  Siess     
    2.040000      3.9460      1.2518      4.2628      3.9460  Siess     
    2.045000      3.9466      1.2563      4.2620      3.9466  Siess     
    2.050000      3.9473      1.2608      4.2611      3.9473  Siess     
    2.055000      3.9480      1.2653      4.2603      3.9480  Siess     
    2.060000      3.9486      1.2697      4.2595      3.9486  Siess     
    2.065000      3.9493      1.2742      4.2587      3.9493  Siess     
    2.070000      3.9499      1.2786      4.2578      3.9499  Siess     
    2.075000      3.9506      1.2830      4.2570      3.9506  Siess     
    2.080000      3.9512      1.2874      4.2562      3.9512  Siess     
    2.085000      3.9519      1.2918      4.2554      3.9519  Siess     
    2.090000      3.9525      1.2962      4.2546      3.9525  Siess     
    2.095000      3.9532      1.3006      4.2538      3.9532  Siess     
    2.100000      3.9538      1.3050      4.2530      3.9538  Siess     
    2.105000      3.9545      1.3093      4.2522      3.9545  Siess     
    2.110000      3.9551      1.3137      4.2514      3.9551  Siess     
    2.115000      3.9558      1.3180      4.2506      3.9558  Siess     
    2.120000      3.9564      1.3224      4.2498      3.9564  Siess     
    2.125000      3.9570      1.3267      4.2490      3.9570  Siess     
    2.130000      3.9577      1.3310      4.2482      3.9577  Siess     
    2.135000      3.9583      1.3353      4.2474      3.9583  Siess     
    2.140000      3.9589      1.3396      4.2466      3.9589  Siess     
    2.145000      3.9596      1.3439      4.2458      3.9596  Siess     
    2.150000      3.9602      1.3481      4.2450      3.9602  Siess     
    2.155000      3.9608      1.3524      4.2442      3.9608  Siess     
    2.160000      3.9615      1.3566      4.2434      3.9615  Siess     
    2.165000      3.9621      1.3609      4.2426      3.9621  Siess     
    2.170000      3.9627      1.3651      4.2419      3.9627  Siess     
    2.175000      3.9633      1.3693      4.2411      3.9633  Siess     
    2.180000      3.9640      1.3735      4.2403      3.9640  Siess     
    2.185000      3.9646      1.3777      4.2395      3.9646  Siess     
    2.190000      3.9652      1.3819      4.2388      3.9652  Siess     
    2.195000      3.9658      1.3861      4.2380      3.9658  Siess     
    2.200000      3.9664      1.3903      4.2372      3.9664  Siess     
    2.205000      3.9670      1.3945      4.2361      3.9670  Siess     
    2.210000      3.9675      1.3987      4.2350      3.9675  Siess     
    2.215000      3.9681      1.4030      4.2339      3.9681  Siess     
    2.220000      3.9686      1.4072      4.2329      3.9686  Siess     
    2.225000      3.9691      1.4114      4.2318      3.9691  Siess     
    2.230000      3.9697      1.4156      4.2307      3.9697  Siess     
    2.235000      3.9702      1.4197      4.2296      3.9702  Siess     
    2.240000      3.9707      1.4239      4.2285      3.9707  Siess     
    2.245000      3.9712      1.4281      4.2275      3.9712  Siess     
    2.250000      3.9718      1.4322      4.2264      3.9718  Siess     
    2.255000      3.9723      1.4364      4.2253      3.9723  Siess     
    2.260000      3.9728      1.4405      4.2243      3.9728  Siess     
    2.265000      3.9734      1.4446      4.2232      3.9734  Siess     
    2.270000      3.9739      1.4488      4.2221      3.9739  Siess     
    2.275000      3.9744      1.4529      4.2211      3.9744  Siess     
    2.280000      3.9749      1.4570      4.2200      3.9749  Siess     
    2.285000      3.9754      1.4611      4.2190      3.9754  Siess     
    2.290000      3.9760      1.4651      4.2179      3.9760  Siess     
    2.295000      3.9765      1.4692      4.2169      3.9765  Siess     
    2.300000      3.9770      1.4733      4.2158      3.9770  Siess     
    2.305000      3.9775      1.4773      4.2148      3.9775  Siess     
    2.310000      3.9780      1.4814      4.2137      3.9780  Siess     
    2.315000      3.9785      1.4854      4.2127      3.9785  Siess     
    2.320000      3.9791      1.4894      4.2117      3.9791  Siess     
    2.325000      3.9796      1.4935      4.2106      3.9796  Siess     
    2.330000      3.9801      1.4975      4.2096      3.9801  Siess     
    2.335000      3.9806      1.5015      4.2086      3.9806  Siess     
    2.340000      3.9811      1.5055      4.2075      3.9811  Siess     
    2.345000      3.9816      1.5095      4.2065      3.9816  Siess     
    2.350000      3.9821      1.5134      4.2055      3.9821  Siess     
    2.355000      3.9826      1.5174      4.2045      3.9826  Siess     
    2.360000      3.9831      1.5214      4.2034      3.9831  Siess     
    2.365000      3.9836      1.5253      4.2024      3.9836  Siess     
    2.370000      3.9841      1.5293      4.2014      3.9841  Siess     
    2.375000      3.9846      1.5332      4.2004      3.9846  Siess     
    2.380000      3.9851      1.5371      4.1994      3.9851  Siess     
    2.385000      3.9856      1.5410      4.1984      3.9856  Siess     
    2.390000      3.9861      1.5450      4.1974      3.9861  Siess     
    2.395000      3.9866      1.5489      4.1963      3.9866  Siess     
    2.400000      3.9871      1.5528      4.1953      3.9871  Siess     
    2.405000      3.9876      1.5566      4.1943      3.9876  Siess     
    2.410000      3.9881      1.5605      4.1933      3.9881  Siess     
    2.415000      3.9886      1.5644      4.1923      3.9886  Siess     
    2.420000      3.9891      1.5683      4.1914      3.9891  Siess     
    2.425000      3.9896      1.5721      4.1904      3.9896  Siess     
    2.430000      3.9900      1.5760      4.1894      3.9900  Siess     
    2.435000      3.9905      1.5798      4.1884      3.9905  Siess     
    2.440000      3.9910      1.5836      4.1874      3.9910  Siess     
    2.445000      3.9915      1.5874      4.1864      3.9915  Siess     
    2.450000      3.9920      1.5913      4.1854      3.9920  Siess     
    2.455000      3.9925      1.5951      4.1844      3.9925  Siess     
    2.460000      3.9930      1.5989      4.1835      3.9930  Siess     
    2.465000      3.9934      1.6027      4.1825      3.9934  Siess     
    2.470000      3.9939      1.6064      4.1815      3.9939  Siess     
    2.475000      3.9944      1.6102      4.1805      3.9944  Siess     
    2.480000      3.9949      1.6140      4.1796      3.9949  Siess     
    2.485000      3.9954      1.6178      4.1786      3.9954  Siess     
    2.490000      3.9958      1.6215      4.1776      3.9958  Siess     
    2.495000      3.9963      1.6253      4.1767      3.9963  Siess     
    2.500000      3.9968      1.6290      4.1757      3.9968  Siess     
    2.505000      3.9972      1.6328      4.1745      3.9972  Siess     
    2.510000      3.9977      1.6366      4.1733      3.9977  Siess     
    2.515000      3.9981      1.6404      4.1722      3.9981  Siess     
    2.520000      3.9985      1.6442      4.1710      3.9985  Siess     
    2.525000      3.9990      1.6480      4.1698      3.9990  Siess     
    2.530000      3.9994      1.6518      4.1686      3.9994  Siess     
    2.535000      3.9998      1.6556      4.1674      3.9998  Siess     
    2.540000      4.0002      1.6594      4.1663      4.0002  Siess     
    2.545000      4.0007      1.6631      4.1651      4.0007  Siess     
    2.550000      4.0011      1.6669      4.1639      4.0011  Siess     
    2.555000      4.0015      1.6706      4.1628      4.0015  Siess     
    2.560000      4.0019      1.6744      4.1616      4.0019  Siess     
    2.565000      4.0024      1.6781      4.1605      4.0024  Siess     
    2.570000      4.0028      1.6818      4.1593      4.0028  Siess     
    2.575000      4.0032      1.6855      4.1582      4.0032  Siess     
    2.580000      4.0036      1.6893      4.1570      4.0036  Siess     
    2.585000      4.0041      1.6930      4.1558      4.0041  Siess     
    2.590000      4.0045      1.6967      4.1547      4.0045  Siess     
    2.595000      4.0049      1.7004      4.1536      4.0049  Siess     
    2.600000      4.0053      1.7040      4.1524      4.0053  Siess     
    2.605000      4.0057      1.7077      4.1513      4.0057  Siess     
    2.610000      4.0061      1.7114      4.1501      4.0061  Siess     
    2.615000      4.0066      1.7150      4.1490      4.0066  Siess     
    2.620000      4.0070      1.7187      4.1479      4.0070  Siess     
    2.625000      4.0074      1.7223      4.1467      4.0074  Siess     
    2.630000      4.0078      1.7260      4.1456      4.0078  Siess     
    2.635000      4.0082      1.7296      4.1445      4.0082  Siess     
    2.640000      4.0086      1.7332      4.1433      4.0086  Siess     
    2.645000      4.0090      1.7369      4.1422      4.0090  Siess     
    2.650000      4.0094      1.7405      4.1411      4.0094  Siess     
    2.655000      4.0099      1.7441      4.1400      4.0099  Siess     
    2.660000      4.0103      1.7477      4.1389      4.0103  Siess     
    2.665000      4.0107      1.7513      4.1377      4.0107  Siess     
    2.670000      4.0111      1.7549      4.1366      4.0111  Siess     
    2.675000      4.0115      1.7585      4.1355      4.0115  Siess     
    2.680000      4.0119      1.7620      4.1344      4.0119  Siess     
    2.685000      4.0123      1.7656      4.1333      4.0123  Siess     
    2.690000      4.0127      1.7692      4.1322      4.0127  Siess     
    2.695000      4.0131      1.7727      4.1311      4.0131  Siess     
    2.700000      4.0135      1.7763      4.1300      4.0135  Siess     
    2.705000      4.0138      1.7799      4.1283      4.0138  Siess     
    2.710000      4.0141      1.7836      4.1267      4.0141  Siess     
    2.715000      4.0144      1.7872      4.1250      4.0144  Siess     
    2.720000      4.0147      1.7909      4.1234      4.0147  Siess     
    2.725000      4.0149      1.7945      4.1217      4.0149  Siess     
    2.730000      4.0152      1.7982      4.1200      4.0152  Siess     
    2.735000      4.0155      1.8018      4.1184      4.0155  Siess     
    2.740000      4.0158      1.8054      4.1168      4.0158  Siess     
    2.745000      4.0161      1.8091      4.1151      4.0161  Siess     
    2.750000      4.0164      1.8127      4.1135      4.0164  Siess     
    2.755000      4.0167      1.8163      4.1118      4.0167  Siess     
    2.760000      4.0169      1.8199      4.1102      4.0169  Siess     
    2.765000      4.0172      1.8235      4.1086      4.0172  Siess     
    2.770000      4.0175      1.8270      4.1069      4.0175  Siess     
    2.775000      4.0178      1.8306      4.1053      4.0178  Siess     
    2.780000      4.0181      1.8342      4.1037      4.0181  Siess     
    2.785000      4.0184      1.8378      4.1021      4.0184  Siess     
    2.790000      4.0186      1.8413      4.1005      4.0186  Siess     
    2.795000      4.0189      1.8449      4.0989      4.0189  Siess     
    2.800000      4.0192      1.8484      4.0972      4.0192  Siess     
    2.805000      4.0195      1.8520      4.0956      4.0195  Siess     
    2.810000      4.0198      1.8555      4.0940      4.0198  Siess     
    2.815000      4.0200      1.8590      4.0924      4.0200  Siess     
    2.820000      4.0203      1.8625      4.0908      4.0203  Siess     
    2.825000      4.0206      1.8661      4.0892      4.0206  Siess     
    2.830000      4.0209      1.8696      4.0876      4.0209  Siess     
    2.835000      4.0211      1.8731      4.0861      4.0211  Siess     
    2.840000      4.0214      1.8766      4.0845      4.0214  Siess     
    2.845000      4.0217      1.8801      4.0829      4.0217  Siess     
    2.850000      4.0220      1.8835      4.0813      4.0220  Siess     
    2.855000      4.0222      1.8870      4.0797      4.0222  Siess     
    2.860000      4.0225      1.8905      4.0782      4.0225  Siess     
    2.865000      4.0228      1.8940      4.0766      4.0228  Siess     
    2.870000      4.0231      1.8974      4.0750      4.0231  Siess     
    2.875000      4.0233      1.9009      4.0734      4.0233  Siess     
    2.880000      4.0236      1.9043      4.0719      4.0236  Siess     
    2.885000      4.0239      1.9078      4.0703      4.0239  Siess     
    2.890000      4.0241      1.9112      4.0688      4.0241  Siess     
    2.895000      4.0244      1.9146      4.0672      4.0244  Siess     
    2.900000      4.0247      1.9181      4.0656      4.0247  Siess     
    2.905000      4.0250      1.9215      4.0641      4.0250  Siess     
    2.910000      4.0252      1.9249      4.0625      4.0252  Siess     
    2.915000      4.0255      1.9283      4.0610      4.0255  Siess     
    2.920000      4.0258      1.9317      4.0595      4.0258  Siess     
    2.925000      4.0260      1.9351      4.0579      4.0260  Siess     
    2.930000      4.0263      1.9385      4.0564      4.0263  Siess     
    2.935000      4.0266      1.9419      4.0548      4.0266  Siess     
    2.940000      4.0268      1.9452      4.0533      4.0268  Siess     
    2.945000      4.0271      1.9486      4.0518      4.0271  Siess     
    2.950000      4.0274      1.9520      4.0502      4.0274  Siess     
    2.955000      4.0276      1.9553      4.0487      4.0276  Siess     
    2.960000      4.0279      1.9587      4.0472      4.0279  Siess     
    2.965000      4.0282      1.9620      4.0457      4.0282  Siess     
    2.970000      4.0284      1.9654      4.0442      4.0284  Siess     
    2.975000      4.0287      1.9687      4.0426      4.0287  Siess     
    2.980000      4.0289      1.9721      4.0411      4.0289  Siess     
    2.985000      4.0292      1.9754      4.0396      4.0292  Siess     
    2.990000      4.0295      1.9787      4.0381      4.0295  Siess     
    2.995000      4.0297      1.9820      4.0366      4.0297  Siess     
    3.000000      4.0300      1.9853      4.0351      4.0300  Siess     
    3.005000      4.0299      1.9889      4.0320      4.0299  Siess     
    3.010000      4.0299      1.9924      4.0290      4.0299  Siess     
    3.015000      4.0298      1.9959      4.0259      4.0298  Siess     
    3.020000      4.0297      1.9994      4.0228      4.0297  Siess     
    3.025000      4.0297      2.0029      4.0198      4.0297  Siess     
    3.030000      4.0296      2.0064      4.0167      4.0296  Siess     
    3.035000      4.0296      2.0099      4.0136      4.0296  Siess     
    3.040000      4.0295      2.0134      4.0106      4.0295  Siess     
    3.045000      4.0294      2.0168      4.0076      4.0294  Siess     
    3.050000      4.0294      2.0203      4.0045      4.0294  Siess     
    3.055000      4.0293      2.0238      4.0015      4.0293  Siess     
    3.060000      4.0292      2.0272      3.9985      4.0292  Siess     
    3.065000      4.0292      2.0307      3.9954      4.0292  Siess     
    3.070000      4.0291      2.0341      3.9924      4.0291  Siess     
    3.075000      4.0291      2.0376      3.9894      4.0291  Siess     
    3.080000      4.0290      2.0410      3.9864      4.0290  Siess     
    3.085000      4.0289      2.0444      3.9834      4.0289  Siess     
    3.090000      4.0289      2.0479      3.9804      4.0289  Siess     
    3.095000      4.0288      2.0513      3.9774      4.0288  Siess     
    3.100000      4.0288      2.0547      3.9744      4.0288  Siess     
    3.105000      4.0287      2.0581      3.9714      4.0287  Siess     
    3.110000      4.0286      2.0615      3.9685      4.0286  Siess     
    3.115000      4.0286      2.0649      3.9655      4.0286  Siess     
    3.120000      4.0285      2.0683      3.9625      4.0285  Siess     
    3.125000      4.0285      2.0717      3.9596      4.0285  Siess     
    3.130000      4.0284      2.0751      3.9566      4.0284  Siess     
    3.135000      4.0283      2.0785      3.9536      4.0283  Siess     
    3.140000      4.0283      2.0818      3.9507      4.0283  Siess     
    3.145000      4.0282      2.0852      3.9478      4.0282  Siess     
    3.150000      4.0282      2.0886      3.9448      4.0282  Siess     
    3.155000      4.0281      2.0919      3.9419      4.0281  Siess     
    3.160000      4.0280      2.0953      3.9389      4.0280  Siess     
    3.165000      4.0280      2.0986      3.9360      4.0280  Siess     
    3.170000      4.0279      2.1019      3.9331      4.0279  Siess     
    3.175000      4.0279      2.1053      3.9302      4.0279  Siess     
    3.180000      4.0278      2.1086      3.9273      4.0278  Siess     
    3.185000      4.0277      2.1119      3.9244      4.0277  Siess     
    3.190000      4.0277      2.1153      3.9215      4.0277  Siess     
    3.195000      4.0276      2.1186      3.9186      4.0276  Siess     
    3.200000      4.0276      2.1219      3.9157      4.0276  Siess     
    3.205000      4.0275      2.1252      3.9128      4.0275  Siess     
    3.210000      4.0274      2.1285      3.9099      4.0274  Siess     
    3.215000      4.0274      2.1318      3.9070      4.0274  Siess     
    3.220000      4.0273      2.1351      3.9041      4.0273  Siess     
    3.225000      4.0273      2.1383      3.9013      4.0273  Siess     
    3.230000      4.0272      2.1416      3.8984      4.0272  Siess     
    3.235000      4.0271      2.1449      3.8955      4.0271  Siess     
    3.240000      4.0271      2.1482      3.8927      4.0271  Siess     
    3.245000      4.0270      2.1514      3.8898      4.0270  Siess     
    3.250000      4.0270      2.1547      3.8870      4.0270  Siess     
    3.255000      4.0269      2.1579      3.8841      4.0269  Siess     
    3.260000      4.0269      2.1612      3.8813      4.0269  Siess     
    3.265000      4.0268      2.1644      3.8784      4.0268  Siess     
    3.270000      4.0267      2.1677      3.8756      4.0267  Siess     
    3.275000      4.0267      2.1709      3.8728      4.0267  Siess     
    3.280000      4.0266      2.1741      3.8700      4.0266  Siess     
    3.285000      4.0266      2.1773      3.8671      4.0266  Siess     
    3.290000      4.0265      2.1806      3.8643      4.0265  Siess     
    3.295000      4.0265      2.1838      3.8615      4.0265  Siess     
    3.300000      4.0264      2.1870      3.8587      4.0264  Siess     
    3.305000      4.0263      2.1902      3.8559      4.0263  Siess     
    3.310000      4.0263      2.1934      3.8531      4.0263  Siess     
    3.315000      4.0262      2.1966      3.8503      4.0262  Siess     
    3.320000      4.0262      2.1998      3.8475      4.0262  Siess     
    3.325000      4.0261      2.2030      3.8447      4.0261  Siess     
    3.330000      4.0261      2.2061      3.8420      4.0261  Siess     
    3.335000      4.0260      2.2093      3.8392      4.0260  Siess     
    3.340000      4.0259      2.2125      3.8364      4.0259  Siess     
    3.345000      4.0259      2.2156      3.8336      4.0259  Siess     
    3.350000      4.0258      2.2188      3.8309      4.0258  Siess     
    3.355000      4.0258      2.2220      3.8281      4.0258  Siess     
    3.360000      4.0257      2.2251      3.8254      4.0257  Siess     
    3.365000      4.0257      2.2283      3.8226      4.0257  Siess     
    3.370000      4.0256      2.2314      3.8199      4.0256  Siess     
    3.375000      4.0255      2.2345      3.8171      4.0255  Siess     
    3.380000      4.0255      2.2377      3.8144      4.0255  Siess     
    3.385000      4.0254      2.2408      3.8116      4.0254  Siess     
    3.390000      4.0254      2.2439      3.8089      4.0254  Siess     
    3.395000      4.0253      2.2470      3.8062      4.0253  Siess     
    3.400000      4.0253      2.2501      3.8035      4.0253  Siess     
    3.405000      4.0252      2.2533      3.8007      4.0252  Siess     
    3.410000      4.0252      2.2564      3.7980      4.0252  Siess     
    3.415000      4.0251      2.2595      3.7953      4.0251  Siess     
    3.420000      4.0250      2.2626      3.7926      4.0250  Siess     
    3.425000      4.0250      2.2656      3.7899      4.0250  Siess     
    3.430000      4.0249      2.2687      3.7872      4.0249  Siess     
    3.435000      4.0249      2.2718      3.7845      4.0249  Siess     
    3.440000      4.0248      2.2749      3.7818      4.0248  Siess     
    3.445000      4.0248      2.2780      3.7791      4.0248  Siess     
    3.450000      4.0247      2.2810      3.7764      4.0247  Siess     
    3.455000      4.0247      2.2841      3.7738      4.0247  Siess     
    3.460000      4.0246      2.2872      3.7711      4.0246  Siess     
    3.465000      4.0246      2.2902      3.7684      4.0246  Siess     
    3.470000      4.0245      2.2933      3.7657      4.0245  Siess     
    3.475000      4.0244      2.2963      3.7631      4.0244  Siess     
    3.480000      4.0244      2.2994      3.7604      4.0244  Siess     
    3.485000      4.0243      2.3024      3.7578      4.0243  Siess     
    3.490000      4.0243      2.3054      3.7551      4.0243  Siess     
    3.495000      4.0242      2.3085      3.7525      4.0242  Siess     
    3.500000      4.0242      2.3115      3.7498      4.0242  Siess     
    3.505000      4.0247      2.3150      3.7493      4.0247  Siess     
    3.510000      4.0253      2.3186      3.7487      4.0253  Siess     
    3.515000      4.0258      2.3221      3.7482      4.0258  Siess     
    3.520000      4.0264      2.3257      3.7477      4.0264  Siess     
    3.525000      4.0270      2.3292      3.7472      4.0270  Siess     
    3.530000      4.0275      2.3328      3.7466      4.0275  Siess     
    3.535000      4.0281      2.3363      3.7461      4.0281  Siess     
    3.540000      4.0286      2.3398      3.7456      4.0286  Siess     
    3.545000      4.0292      2.3433      3.7450      4.0292  Siess     
    3.550000      4.0297      2.3468      3.7445      4.0297  Siess     
    3.555000      4.0303      2.3504      3.7440      4.0303  Siess     
    3.560000      4.0308      2.3539      3.7435      4.0308  Siess     
    3.565000      4.0314      2.3574      3.7429      4.0314  Siess     
    3.570000      4.0319      2.3608      3.7424      4.0319  Siess     
    3.575000      4.0325      2.3643      3.7419      4.0325  Siess     
    3.580000      4.0330      2.3678      3.7414      4.0330  Siess     
    3.585000      4.0335      2.3713      3.7409      4.0335  Siess     
    3.590000      4.0341      2.3748      3.7403      4.0341  Siess     
    3.595000      4.0346      2.3782      3.7398      4.0346  Siess     
    3.600000      4.0352      2.3817      3.7393      4.0352  Siess     
    3.605000      4.0357      2.3852      3.7388      4.0357  Siess     
    3.610000      4.0363      2.3886      3.7383      4.0363  Siess     
    3.615000      4.0368      2.3921      3.7378      4.0368  Siess     
    3.615000      4.0483      2.4281      3.7072      4.0483  Padova    
    3.620000      4.0478      2.4315      3.7022      4.0478  Padova    
    3.625000      4.0472      2.4350      3.6972      4.0472  Padova    
    3.630000      4.0467      2.4384      3.6921      4.0467  Padova    
    3.635000      4.0461      2.4419      3.6871      4.0461  Padova    
    3.640000      4.0456      2.4453      3.6821      4.0456  Padova    
    3.645000      4.0450      2.4488      3.6771      4.0450  Padova    
    3.650000      4.0445      2.4522      3.6721      4.0445  Padova    
    3.655000      4.0439      2.4556      3.6671      4.0439  Padova    
    3.660000      4.0434      2.4591      3.6621      4.0434  Padova    
    3.665000      4.0429      2.4625      3.6571      4.0429  Padova    
    3.670000      4.0423      2.4659      3.6521      4.0423  Padova    
    3.675000      4.0418      2.4693      3.6471      4.0418  Padova    
    3.680000      4.0412      2.4727      3.6422      4.0412  Padova    
    3.683187      4.0409      2.4749      3.6390      4.0409  Padova    
    3.685000      4.0406      2.4762      3.6368      4.0406  Padova    
    3.690000      4.0398      2.4797      3.6307      4.0398  Padova    
    3.695000      4.0391      2.4833      3.6246      4.0391  Padova    
    3.700000      4.0383      2.4868      3.6186      4.0383  Padova    
    3.705000      4.0375      2.4903      3.6125      4.0375  Padova    
    3.710000      4.0368      2.4939      3.6065      4.0368  Padova    
    3.715000      4.0360      2.4974      3.6004      4.0360  Padova    
    3.720000      4.0352      2.5009      3.5944      4.0352  Padova    
    3.725000      4.0344      2.5044      3.5884      4.0344  Padova    
    3.730000      4.0337      2.5079      3.5824      4.0337  Padova    
    3.735000      4.0329      2.5114      3.5764      4.0329  Padova    
    3.740000      4.0322      2.5149      3.5704      4.0322  Padova    
    3.745000      4.0314      2.5184      3.5644      4.0314  Padova    
    3.746233      4.0312      2.5193      3.5629      4.0312  Padova    
    3.750000      4.0305      2.5221      3.5579      4.0305  Padova    
    3.755000      4.0297      2.5258      3.5513      4.0297  Padova    
    3.760000      4.0288      2.5295      3.5448      4.0288  Padova    
    3.765000      4.0279      2.5332      3.5382      4.0279  Padova    
    3.770000      4.0270      2.5368      3.5316      4.0270  Padova    
    3.774311      4.0263      2.5400      3.5260      4.0263  Padova    
    3.775000      4.0262      2.5406      3.5251      4.0262  Padova    
    3.780000      4.0255      2.5446      3.5187      4.0255  Padova    
    3.785000      4.0247      2.5487      3.5123      4.0247  Padova    
    3.790000      4.0240      2.5527      3.5059      4.0240  Padova    
    3.795000      4.0233      2.5568      3.4995      4.0233  Padova    
    3.800000      4.0225      2.5608      3.4931      4.0225  Padova    
    3.800258      4.0225      2.5610      3.4928      4.0225  Padova    
    3.805000      4.0223      2.5656      3.4881      4.0223  Padova    
    3.810000      4.0222      2.5704      3.4832      4.0222  Padova    
    3.815000      4.0220      2.5752      3.4782      4.0220  Padova    
    3.817767      4.0219      2.5779      3.4755      4.0219  Padova    
    3.820000      4.0225      2.5808      3.4751      4.0225  Padova    
    3.825000      4.0238      2.5874      3.4743      4.0238  Padova    
    3.828795      4.0248      2.5924      3.4736      4.0248  Padova    
    3.830000      4.0259      2.5949      3.4756      4.0259  Padova    
    3.835000      4.0304      2.6053      3.4841      4.0304  Padova    
    3.837658      4.0328      2.6108      3.4886      4.0328  Padova    
    3.840000      4.0403      2.6226      3.5069      4.0403  Padova    
    3.843628      4.0518      2.6409      3.5351      4.0518  Padova    
    3.845000      4.0651      2.6636      3.5656      4.0651  Padova    
    3.845303      4.0680      2.6686      3.5723      4.0680  Padova    
    3.846232      4.0853      2.7035      3.6068      4.0853  Padova    
    3.846365      4.0831      2.6915      3.6101      4.0831  Padova    
    3.846574      4.0698      2.6506      3.5974      4.0698  Padova    
    3.846848      4.0513      2.6427      3.5316      4.0513  Padova    
    3.847219      4.0326      2.6675      3.4321      4.0326  Padova    
    3.847709      4.0118      2.6834      3.3329      4.0118  Padova    
    3.848165      3.9940      2.6883      3.2569      3.9940  Padova    
    3.848328      3.9878      2.6891      3.2312      3.9878  Padova    
    3.848804      3.9696      2.6876      3.1601      3.9696  Padova    
    3.849336      3.9490      2.6823      3.0830      3.9490  Padova    
    3.849710      3.9335      2.6763      3.0273      3.9335  Padova    
    3.850000      3.9206      2.6701      2.9819      3.9206  Padova    
    3.850101      3.9161      2.6680      2.9660      3.9161  Padova    
    3.850503      3.8964      2.6568      2.8985      3.8964  Padova    
    3.850911      3.8740      2.6421      2.8233      3.8740  Padova    
    3.851318      3.8481      2.6232      2.7388      3.8481  Padova    
    3.851720      3.8187      2.5995      2.6449      3.8187  Padova    
    3.851927      3.8014      2.5843      2.5909      3.8014  Padova    
    3.852127      3.7839      2.5675      2.5378      3.7839  Padova    
    3.852523      3.7498      2.5245      2.4445      3.7498  Padova    
    3.852913      3.7257      2.4667      2.4058      3.7257  Padova    
    3.853292      3.7067      2.4061      2.3904      3.7067  Padova    
    3.853670      3.6906      2.3749      2.3575      3.6906  Padova    
    3.854049      3.6772      2.4282      2.2506      3.6772  Padova    
    3.854423      3.6673      2.5083      2.1307      3.6673  Padova    
    3.854802      3.6605      2.5733      2.0389      3.6605  Padova    
    3.855000      3.6580      2.5973      2.0049      3.6580  Padova    
    3.855320      3.6540      2.6361      1.9500      3.6540  Padova    
    3.855844      3.6496      2.6934      1.8751      3.6496  Padova    
    3.856544      3.6436      2.7679      1.7766      3.6436  Padova    
    3.857100      3.6387      2.8264      1.6988      3.6387  Padova    
    3.857662      3.6343      2.8859      1.6216      3.6343  Padova    
    3.858228      3.6297      2.9467      1.5426      3.6297  Padova    
    3.858772      3.6256      3.0020      1.4710      3.6256  Padova    
    3.859316      3.6232      3.0332      1.4302      3.6232  Padova    
    3.859964      3.6208      3.0622      1.3917      3.6208  Padova    
    3.860000      3.6208      3.0617      1.3924      3.6208  Padova    
    3.863526      3.6249      3.0138      1.4566      3.6249  Padova    
    3.865000      3.6274      2.9843      1.4962      3.6274  Padova    
    3.865993      3.6290      2.9645      1.5228      3.6290  Padova    
    3.867812      3.6331      2.9151      1.5887      3.6331  Padova    
    3.869433      3.6373      2.8627      1.6583      3.6373  Padova    
    3.870000      3.6389      2.8431      1.6845      3.6389  Padova    
    3.871123      3.6422      2.8042      1.7364      3.6422  Padova    
    3.872934      3.6471      2.7425      1.8179      3.6471  Padova    
    3.875000      3.6520      2.6796      1.9005      3.6520  Padova    
    3.875010      3.6520      2.6793      1.9009      3.6520  Padova    
    3.877442      3.6566      2.6196      1.9795      3.6566  Padova    
    3.880000      3.6616      2.5737      2.0456      3.6616  Padova    
    3.881118      3.6638      2.5536      2.0745      3.6638  Padova    
    3.885000      3.6686      2.5156      2.1323      3.6686  Padova    
    3.887183      3.6713      2.4942      2.1648      3.6713  Padova    
    3.890000      3.6739      2.4866      2.1829      3.6739  Padova    
    3.895000      3.6784      2.4732      2.2150      3.6784  Padova    
    3.895825      3.6792      2.4710      2.2203      3.6792  Padova    
    3.900000      3.6797      2.4774      2.2165      3.6797  Padova    
    3.905000      3.6804      2.4851      2.2118      3.6804  Padova    
    3.910000      3.6810      2.4927      2.2073      3.6810  Padova    
    3.915000      3.6816      2.5004      2.2027      3.6816  Padova    
    3.920000      3.6822      2.5080      2.1981      3.6822  Padova    
    3.925000      3.6829      2.5156      2.1935      3.6829  Padova    
    3.930000      3.6835      2.5233      2.1889      3.6835  Padova    
    3.935000      3.6841      2.5309      2.1844      3.6841  Padova    
    3.940000      3.6847      2.5385      2.1798      3.6847  Padova    
    3.945000      3.6853      2.5460      2.1752      3.6853  Padova    
    3.950000      3.6860      2.5536      2.1707      3.6860  Padova    
    3.955000      3.6866      2.5612      2.1661      3.6866  Padova    
    3.960000      3.6872      2.5687      2.1616      3.6872  Padova    
    3.965000      3.6878      2.5763      2.1571      3.6878  Padova    
    3.970000      3.6884      2.5838      2.1525      3.6884  Padova    
    3.975000      3.6890      2.5914      2.1480      3.6890  Padova    
    3.980000      3.6897      2.5989      2.1435      3.6897  Padova    
    3.985000      3.6903      2.6064      2.1390      3.6903  Padova    
    3.985999      3.6904      2.6079      2.1381      3.6904  Padova    
    3.990000      3.6907      2.6139      2.1336      3.6907  Padova    
    3.995000      3.6910      2.6214      2.1281      3.6910  Padova    
    4.000000      3.6913      2.6289      2.1225      3.6913  Padova    
    4.000000      3.6913      2.6289      2.1225      3.6913  Padova    
    4.005000      3.6916      2.6361      2.1170      3.6916  Padova    
    4.007530      3.6917      2.6397      2.1142      3.6917  Padova    
    4.010000      3.6911      2.6406      2.1111      3.6911  Padova    
    4.015000      3.6899      2.6424      2.1049      3.6899  Padova    
    4.020000      3.6886      2.6442      2.0986      3.6886  Padova    
    4.025000      3.6874      2.6460      2.0924      3.6874  Padova    
    4.030000      3.6862      2.6478      2.0862      3.6862  Padova    
    4.035000      3.6849      2.6496      2.0799      3.6849  Padova    
    4.040000      3.6837      2.6514      2.0737      3.6837  Padova    
    4.045000      3.6825      2.6532      2.0675      3.6825  Padova    
    4.050000      3.6812      2.6550      2.0613      3.6812  Padova    
    4.055000      3.6800      2.6568      2.0551      3.6800  Padova    
    4.060000      3.6788      2.6586      2.0490      3.6788  Padova    
    4.065000      3.6776      2.6604      2.0428      3.6776  Padova    
    4.068964      3.6766      2.6618      2.0379      3.6766  Padova    
    4.070000      3.6759      2.6636      2.0336      3.6759  Padova    
    4.075000      3.6727      2.6721      2.0127      3.6727  Padova    
    4.080000      3.6695      2.6806      1.9919      3.6695  Padova    
    4.085000      3.6662      2.6891      1.9710      3.6662  Padova    
    4.090000      3.6630      2.6976      1.9503      3.6630  Padova    
    4.092831      3.6612      2.7024      1.9385      3.6612  Padova    
    4.094863      3.6536      2.7540      1.8565      3.6536  Padova    
    4.095000      3.6520      2.7704      1.8339      3.6520  Padova    
    4.095178      3.6500      2.7916      1.8046      3.6500  Padova    
    4.095396      3.6448      2.8544      1.7210      3.6448  Padova    
    4.095578      3.6401      2.9116      1.6451      3.6401  Padova    
    4.097814      3.6339      2.9823      1.5498      3.6339  Padova    
    4.098596      3.6287      3.0440      1.4674      3.6287  Padova    
    4.099371      3.6238      3.0995      1.3925      3.6238  Padova    
    4.100000      3.6201      3.1432      1.3342      3.6201  Padova    
    4.100369      3.6180      3.1689      1.3000      3.6180  Padova    
    4.101207      3.6131      3.2309      1.2185      3.6131  Padova    
    4.102081      3.6068      3.3018      1.1226      3.6068  Padova    
    4.102802      3.6010      3.3689      1.0320      3.6010  Padova    
    4.103552      3.5938      3.4524      0.9202      3.5938  Padova    
    4.103992      3.5888      3.5085      0.8439      3.5888  Padova    
    4.104380      3.5837      3.5643      0.7677      3.5837  Padova    
    4.104877      3.5755      3.6467      0.6526      3.5755  Padova    
    4.105000      3.5734      3.6704      0.6205      3.5734  Padova    
    4.105229      3.5694      3.7145      0.5606      3.5694  Padova    
    4.105517      3.5634      3.7763      0.4746      3.5634  Padova    
    4.105747      3.5578      3.8330      0.3956      3.5578  Padova    
    4.105963      3.5520      3.8901      0.3155      3.5520  Padova    
    4.106157      3.5456      3.9475      0.2322      3.5456  Padova    
    4.106315      3.5400      4.0001      0.1572      3.5400  Padova    
    4.106466      3.5346      4.0509      0.0852      3.5346  Padova    
    4.106624      3.5286      4.1002      0.0117      3.5286  Padova    
    4.106846      3.5363      4.0362      0.1065      3.5363  Padova    
    4.106875      3.5398      4.0009      0.1557      3.5398  Padova    
    4.106904      3.5352      4.0451      0.0934      3.5352  Padova    
    4.106925      3.5307      4.0848      0.0355      3.5307  Padova    
    4.107004      3.5237      4.1441     -0.0520      3.5237  Padova    
    4.107055      3.5184      4.1857     -0.1145      3.5184  Padova    
    4.107062      3.5264      4.1860     -0.0831      3.5264  Padova    
    4.107254      3.5111      4.3251     -0.2832      3.5111  Padova    
    4.107398      3.5027      4.3953     -0.3869      3.5027  Padova    
    4.107734      3.4903      4.4929     -0.5372      3.4903  Padova    
    4.107917      3.4865      4.5134     -0.5779      3.4865  Padova    
    4.108012      3.4852      4.5162     -0.5897      3.4852  Padova    
    4.108107      3.4842      4.5155     -0.5979      3.4842  Padova    
    4.108203      3.4834      4.5124     -0.6035      3.4834  Padova    
    4.108301      3.4826      4.5047     -0.6057      3.4826  Padova    
    4.108398      3.4821      4.4981     -0.6081      3.4821  Padova    
    4.108497      3.4815      4.4897     -0.6091      3.4815  Padova    
    4.108596      3.4809      4.4794     -0.6086      3.4809  Padova    
    4.108696      3.4805      4.4695     -0.6084      3.4805  Padova    
    4.108796      3.4799      4.4590     -0.6089      3.4799  Padova    
    4.108895      3.4793      4.4480     -0.6098      3.4793  Padova    
    4.108995      3.4785      4.4366     -0.6115      3.4785  Padova    
    4.109096      3.4776      4.4245     -0.6142      3.4776  Padova    
    4.109196      3.4766      4.4115     -0.6181      3.4766  Padova    
    4.109296      3.4752      4.3970     -0.6246      3.4752  Padova    
    4.109396      3.4733      4.3801     -0.6358      3.4733  Padova    
    4.109495      3.4701      4.3575     -0.6583      3.4701  Padova    
    4.109594      3.4632      4.3182     -0.7256      3.4632  Padova    
    4.109691      3.5007      4.2632     -0.8654      3.5007  Padova    
    4.109718      3.7306      4.2395     -0.0178      3.7306  Padova    
    4.109719      3.9346      4.2423      0.7957      3.9346  Padova    
